,Labels,0,1,2,3,4,5,6,7,8,9,10,11,12,13,14,15,16,17,18,19,20,21,22,23,24,25,26,27,28,29,30,31,32,33,34,35,36,37,38,39,40,41,42,43,44,45,46,47,48,49,50,51,52,53,54,55,56,57,58,59,60,61,62,63,64,65,66,67,68,69,70,71,72,73,74,75,76,77,78,79,80,81,82,83,84,85,86,87,88,89,90,91,92,93,94,95,96,97,98,99
0,6,12.0,0.0,28.0,7.0,0.0,0.0,0.0,0.0,0.0,0.0,0.0,0.0,56.0,45.0,0.0,31.0,0.0,0.0,0.0,0.0,0.0,38.0,0.0,0.0,13.0,0.0,0.0,0.0,0.0,0.0,37.0,17.0,0.0,0.0,0.0,18.0,0.0,0.0,29.0,0.0,0.0,19.0,0.0,0.0,0.0,0.0,0.0,3.0,0.0,0.0,0.0,11.0,0.0,18.0,22.0,0.0,33.0,0.0,0.0,0.0,0.0,0.0,0.0,0.0,32.0,0.0,0.0,0.0,0.0,0.0,0.0,48.0,0.0,30.0,0.0,0.0,2.0,0.0,56.0,0.0,0.0,0.0,0.0,0.0,5.0,0.0,0.0,0.0,0.0,0.0,0.0,38.0,46.0,0.0,0.0,0.0,0.0,0.0,31.0,0.0
1,5,12.0,0.0,28.0,8.0,0.0,0.0,0.0,0.0,0.0,0.0,0.0,0.0,55.0,45.0,0.0,32.0,0.0,0.0,0.0,0.0,0.0,37.0,0.0,0.0,13.0,0.0,0.0,0.0,0.0,0.0,37.0,17.0,0.0,0.0,0.0,19.0,0.0,0.0,29.0,0.0,0.0,19.0,0.0,0.0,0.0,0.0,0.0,3.0,0.0,0.0,0.0,11.0,0.0,17.0,23.0,0.0,35.0,0.0,0.0,0.0,0.0,0.0,0.0,0.0,31.0,0.0,0.0,0.0,0.0,0.0,0.0,48.0,0.0,30.0,0.0,0.0,2.0,0.0,57.0,0.0,0.0,0.0,0.0,0.0,6.0,0.0,0.0,0.0,0.0,0.0,0.0,39.0,47.0,0.0,0.0,0.0,0.0,0.0,31.0,0.0
2,7,11.0,0.0,28.0,7.0,0.0,0.0,0.0,0.0,0.0,0.0,0.0,0.0,54.0,46.0,0.0,32.0,0.0,0.0,0.0,0.0,0.0,37.0,0.0,0.0,12.0,0.0,0.0,0.0,0.0,0.0,37.0,18.0,0.0,0.0,0.0,18.0,0.0,0.0,29.0,0.0,0.0,18.0,0.0,0.0,0.0,0.0,0.0,3.0,0.0,0.0,0.0,11.0,0.0,17.0,22.0,0.0,33.0,0.0,0.0,0.0,0.0,0.0,0.0,0.0,31.0,0.0,0.0,0.0,0.0,0.0,0.0,49.0,0.0,31.0,0.0,0.0,2.0,0.0,55.0,0.0,0.0,0.0,0.0,0.0,6.0,0.0,0.0,0.0,0.0,0.0,0.0,38.0,48.0,0.0,0.0,0.0,0.0,0.0,31.0,0.0
3,3,12.0,0.0,29.0,7.0,0.0,0.0,0.0,0.0,0.0,0.0,0.0,0.0,56.0,45.0,0.0,31.0,0.0,0.0,0.0,0.0,0.0,38.0,0.0,0.0,12.0,0.0,0.0,0.0,0.0,0.0,38.0,16.0,0.0,0.0,0.0,18.0,0.0,0.0,29.0,0.0,0.0,19.0,0.0,0.0,0.0,0.0,0.0,4.0,0.0,0.0,0.0,11.0,0.0,18.0,23.0,0.0,34.0,0.0,0.0,0.0,0.0,0.0,0.0,0.0,31.0,0.0,0.0,0.0,0.0,0.0,0.0,50.0,0.0,30.0,0.0,0.0,2.0,0.0,56.0,0.0,0.0,0.0,0.0,0.0,5.0,0.0,0.0,0.0,0.0,0.0,0.0,39.0,47.0,0.0,0.0,0.0,0.0,0.0,31.0,0.0
4,7,11.0,0.0,28.0,8.0,0.0,0.0,0.0,0.0,0.0,0.0,0.0,0.0,56.0,45.0,0.0,31.0,0.0,0.0,0.0,0.0,0.0,37.0,0.0,0.0,12.0,0.0,0.0,0.0,0.0,0.0,38.0,17.0,0.0,0.0,0.0,18.0,0.0,0.0,29.0,0.0,0.0,18.0,0.0,0.0,0.0,0.0,0.0,4.0,0.0,0.0,0.0,11.0,0.0,18.0,22.0,0.0,34.0,0.0,0.0,0.0,0.0,0.0,0.0,0.0,31.0,0.0,0.0,0.0,0.0,0.0,0.0,48.0,0.0,30.0,0.0,0.0,2.0,0.0,55.0,0.0,0.0,0.0,0.0,0.0,7.0,0.0,0.0,0.0,0.0,0.0,0.0,39.0,45.0,0.0,0.0,0.0,0.0,0.0,31.0,0.0
5,4,12.0,0.0,28.0,7.0,0.0,0.0,0.0,0.0,0.0,0.0,0.0,0.0,56.0,44.0,0.0,32.0,0.0,0.0,0.0,0.0,0.0,36.0,0.0,0.0,12.0,0.0,0.0,0.0,0.0,0.0,37.0,17.0,0.0,0.0,0.0,19.0,0.0,0.0,29.0,0.0,0.0,18.0,0.0,0.0,0.0,0.0,0.0,4.0,0.0,0.0,0.0,10.0,0.0,17.0,22.0,0.0,33.0,0.0,0.0,0.0,0.0,0.0,0.0,0.0,31.0,0.0,0.0,0.0,0.0,0.0,0.0,48.0,0.0,30.0,0.0,0.0,1.0,0.0,56.0,0.0,0.0,0.0,0.0,0.0,7.0,0.0,0.0,0.0,0.0,0.0,0.0,40.0,47.0,0.0,0.0,0.0,0.0,0.0,31.0,0.0
6,1,11.0,0.0,28.0,7.0,0.0,0.0,0.0,0.0,0.0,0.0,0.0,0.0,56.0,43.0,0.0,31.0,0.0,0.0,0.0,0.0,0.0,38.0,0.0,0.0,12.0,0.0,0.0,0.0,0.0,0.0,38.0,17.0,0.0,0.0,0.0,18.0,0.0,0.0,29.0,0.0,0.0,18.0,0.0,0.0,0.0,0.0,0.0,3.0,0.0,0.0,0.0,10.0,0.0,18.0,22.0,0.0,33.0,0.0,0.0,0.0,0.0,0.0,0.0,0.0,32.0,0.0,0.0,0.0,0.0,0.0,0.0,48.0,0.0,29.0,0.0,0.0,2.0,0.0,56.0,0.0,0.0,0.0,0.0,0.0,6.0,0.0,0.0,0.0,0.0,0.0,0.0,39.0,46.0,0.0,0.0,0.0,0.0,0.0,29.0,0.0
7,0,12.0,0.0,29.0,7.0,0.0,0.0,0.0,0.0,0.0,0.0,0.0,0.0,55.0,46.0,0.0,32.0,0.0,0.0,0.0,0.0,0.0,37.0,0.0,0.0,12.0,0.0,0.0,0.0,0.0,0.0,37.0,17.0,0.0,0.0,0.0,18.0,0.0,0.0,29.0,0.0,0.0,18.0,0.0,0.0,0.0,0.0,0.0,3.0,0.0,0.0,0.0,11.0,0.0,17.0,22.0,0.0,34.0,0.0,0.0,0.0,0.0,0.0,0.0,0.0,32.0,0.0,0.0,0.0,0.0,0.0,0.0,49.0,0.0,30.0,0.0,0.0,1.0,0.0,58.0,0.0,0.0,0.0,0.0,0.0,6.0,0.0,0.0,0.0,0.0,0.0,0.0,39.0,46.0,0.0,0.0,0.0,0.0,0.0,31.0,0.0
8,7,12.0,0.0,28.0,7.0,0.0,0.0,0.0,0.0,0.0,0.0,0.0,0.0,55.0,44.0,0.0,31.0,0.0,0.0,0.0,0.0,0.0,36.0,0.0,0.0,12.0,0.0,0.0,0.0,0.0,0.0,38.0,16.0,0.0,0.0,0.0,19.0,0.0,0.0,29.0,0.0,0.0,18.0,0.0,0.0,0.0,0.0,0.0,4.0,0.0,0.0,0.0,11.0,0.0,17.0,22.0,0.0,33.0,0.0,0.0,0.0,0.0,0.0,0.0,0.0,32.0,0.0,0.0,0.0,0.0,0.0,0.0,49.0,0.0,29.0,0.0,0.0,2.0,0.0,56.0,0.0,0.0,0.0,0.0,0.0,6.0,0.0,0.0,0.0,0.0,0.0,0.0,40.0,47.0,0.0,0.0,0.0,0.0,0.0,30.0,0.0
9,3,11.0,0.0,29.0,8.0,0.0,0.0,0.0,0.0,0.0,0.0,0.0,0.0,55.0,44.0,0.0,32.0,0.0,0.0,0.0,0.0,0.0,37.0,0.0,0.0,13.0,0.0,0.0,0.0,0.0,0.0,38.0,17.0,0.0,0.0,0.0,18.0,0.0,0.0,30.0,0.0,0.0,18.0,0.0,0.0,0.0,0.0,0.0,3.0,0.0,0.0,0.0,11.0,0.0,17.0,23.0,0.0,35.0,0.0,0.0,0.0,0.0,0.0,0.0,0.0,33.0,0.0,0.0,0.0,0.0,0.0,0.0,50.0,0.0,31.0,0.0,0.0,3.0,0.0,56.0,0.0,0.0,0.0,0.0,0.0,5.0,0.0,0.0,0.0,0.0,0.0,0.0,39.0,47.0,0.0,0.0,0.0,0.0,0.0,31.0,0.0
10,4,12.0,0.0,28.0,7.0,0.0,0.0,0.0,0.0,0.0,0.0,0.0,0.0,56.0,45.0,0.0,32.0,0.0,0.0,0.0,0.0,0.0,37.0,0.0,0.0,12.0,0.0,0.0,0.0,0.0,0.0,37.0,17.0,0.0,0.0,0.0,18.0,0.0,0.0,29.0,0.0,0.0,18.0,0.0,0.0,0.0,0.0,0.0,4.0,0.0,0.0,0.0,11.0,0.0,18.0,22.0,0.0,34.0,0.0,0.0,0.0,0.0,0.0,0.0,0.0,32.0,0.0,0.0,0.0,0.0,0.0,0.0,50.0,0.0,30.0,0.0,0.0,2.0,0.0,56.0,0.0,0.0,0.0,0.0,0.0,7.0,0.0,0.0,0.0,0.0,0.0,0.0,40.0,48.0,0.0,0.0,0.0,0.0,0.0,32.0,0.0
11,2,12.0,0.0,28.0,7.0,0.0,0.0,0.0,0.0,0.0,0.0,0.0,0.0,55.0,45.0,0.0,31.0,0.0,0.0,0.0,0.0,0.0,37.0,0.0,0.0,11.0,0.0,0.0,0.0,0.0,0.0,38.0,17.0,0.0,0.0,0.0,18.0,0.0,0.0,28.0,0.0,0.0,18.0,0.0,0.0,0.0,0.0,0.0,3.0,0.0,0.0,0.0,10.0,0.0,17.0,23.0,0.0,34.0,0.0,0.0,0.0,0.0,0.0,0.0,0.0,31.0,0.0,0.0,0.0,0.0,0.0,0.0,48.0,0.0,30.0,0.0,0.0,2.0,0.0,57.0,0.0,0.0,0.0,0.0,0.0,6.0,0.0,0.0,0.0,0.0,0.0,0.0,38.0,46.0,0.0,0.0,0.0,0.0,0.0,30.0,0.0
12,1,12.0,0.0,29.0,7.0,0.0,0.0,0.0,0.0,0.0,0.0,0.0,0.0,54.0,44.0,0.0,30.0,0.0,0.0,0.0,0.0,0.0,38.0,0.0,0.0,12.0,0.0,0.0,0.0,0.0,0.0,37.0,17.0,0.0,0.0,0.0,18.0,0.0,0.0,29.0,0.0,0.0,18.0,0.0,0.0,0.0,0.0,0.0,3.0,0.0,0.0,0.0,9.0,0.0,17.0,21.0,0.0,33.0,0.0,0.0,0.0,0.0,0.0,0.0,0.0,31.0,0.0,0.0,0.0,0.0,0.0,0.0,48.0,0.0,29.0,0.0,0.0,2.0,0.0,55.0,0.0,0.0,0.0,0.0,0.0,6.0,0.0,0.0,0.0,0.0,0.0,0.0,38.0,46.0,0.0,0.0,0.0,0.0,0.0,30.0,0.0
13,1,11.0,0.0,28.0,8.0,0.0,0.0,0.0,0.0,0.0,0.0,0.0,0.0,56.0,45.0,0.0,30.0,0.0,0.0,0.0,0.0,0.0,38.0,0.0,0.0,12.0,0.0,0.0,0.0,0.0,0.0,36.0,17.0,0.0,0.0,0.0,18.0,0.0,0.0,29.0,0.0,0.0,18.0,0.0,0.0,0.0,0.0,0.0,3.0,0.0,0.0,0.0,11.0,0.0,18.0,22.0,0.0,34.0,0.0,0.0,0.0,0.0,0.0,0.0,0.0,32.0,0.0,0.0,0.0,0.0,0.0,0.0,48.0,0.0,30.0,0.0,0.0,1.0,0.0,56.0,0.0,0.0,0.0,0.0,0.0,6.0,0.0,0.0,0.0,0.0,0.0,0.0,38.0,46.0,0.0,0.0,0.0,0.0,0.0,30.0,0.0
14,8,12.0,0.0,29.0,7.0,0.0,0.0,0.0,0.0,0.0,0.0,0.0,0.0,56.0,46.0,0.0,32.0,0.0,0.0,0.0,0.0,0.0,38.0,0.0,0.0,13.0,0.0,0.0,0.0,0.0,0.0,38.0,17.0,0.0,0.0,0.0,18.0,0.0,0.0,28.0,0.0,0.0,18.0,0.0,0.0,0.0,0.0,0.0,4.0,0.0,0.0,0.0,10.0,0.0,18.0,22.0,0.0,35.0,0.0,0.0,0.0,0.0,0.0,0.0,0.0,31.0,0.0,0.0,0.0,0.0,0.0,0.0,51.0,0.0,30.0,0.0,0.0,1.0,0.0,57.0,0.0,0.0,0.0,0.0,0.0,6.0,0.0,0.0,0.0,0.0,0.0,0.0,39.0,47.0,0.0,0.0,0.0,0.0,0.0,30.0,0.0
15,0,13.0,0.0,28.0,7.0,0.0,0.0,0.0,0.0,0.0,0.0,0.0,0.0,57.0,45.0,0.0,31.0,0.0,0.0,0.0,0.0,0.0,38.0,0.0,0.0,13.0,0.0,0.0,0.0,0.0,0.0,38.0,17.0,0.0,0.0,0.0,18.0,0.0,0.0,29.0,0.0,0.0,20.0,0.0,0.0,0.0,0.0,0.0,3.0,0.0,0.0,0.0,11.0,0.0,17.0,22.0,0.0,34.0,0.0,0.0,0.0,0.0,0.0,0.0,0.0,31.0,0.0,0.0,0.0,0.0,0.0,0.0,49.0,0.0,31.0,0.0,0.0,2.0,0.0,56.0,0.0,0.0,0.0,0.0,0.0,6.0,0.0,0.0,0.0,0.0,0.0,0.0,39.0,46.0,0.0,0.0,0.0,0.0,0.0,31.0,0.0
16,4,12.0,0.0,27.0,7.0,0.0,0.0,0.0,0.0,0.0,0.0,0.0,0.0,54.0,45.0,0.0,32.0,0.0,0.0,0.0,0.0,0.0,38.0,0.0,0.0,12.0,0.0,0.0,0.0,0.0,0.0,37.0,17.0,0.0,0.0,0.0,19.0,0.0,0.0,29.0,0.0,0.0,18.0,0.0,0.0,0.0,0.0,0.0,4.0,0.0,0.0,0.0,11.0,0.0,17.0,22.0,0.0,33.0,0.0,0.0,0.0,0.0,0.0,0.0,0.0,32.0,0.0,0.0,0.0,0.0,0.0,0.0,50.0,0.0,30.0,0.0,0.0,2.0,0.0,55.0,0.0,0.0,0.0,0.0,0.0,6.0,0.0,0.0,0.0,0.0,0.0,0.0,39.0,46.0,0.0,0.0,0.0,0.0,0.0,33.0,0.0
17,7,12.0,0.0,29.0,7.0,0.0,0.0,0.0,0.0,0.0,0.0,0.0,0.0,55.0,45.0,0.0,32.0,0.0,0.0,0.0,0.0,0.0,38.0,0.0,0.0,12.0,0.0,0.0,0.0,0.0,0.0,37.0,17.0,0.0,0.0,0.0,18.0,0.0,0.0,30.0,0.0,0.0,18.0,0.0,0.0,0.0,0.0,0.0,4.0,0.0,0.0,0.0,11.0,0.0,18.0,22.0,0.0,34.0,0.0,0.0,0.0,0.0,0.0,0.0,0.0,32.0,0.0,0.0,0.0,0.0,0.0,0.0,50.0,0.0,31.0,0.0,0.0,2.0,0.0,56.0,0.0,0.0,0.0,0.0,0.0,6.0,0.0,0.0,0.0,0.0,0.0,0.0,39.0,47.0,0.0,0.0,0.0,0.0,0.0,30.0,0.0
18,1,12.0,0.0,28.0,8.0,0.0,0.0,0.0,0.0,0.0,0.0,0.0,0.0,54.0,46.0,0.0,31.0,0.0,0.0,0.0,0.0,0.0,37.0,0.0,0.0,12.0,0.0,0.0,0.0,0.0,0.0,36.0,17.0,0.0,0.0,0.0,18.0,0.0,0.0,29.0,0.0,0.0,18.0,0.0,0.0,0.0,0.0,0.0,3.0,0.0,0.0,0.0,10.0,0.0,18.0,22.0,0.0,34.0,0.0,0.0,0.0,0.0,0.0,0.0,0.0,31.0,0.0,0.0,0.0,0.0,0.0,0.0,48.0,0.0,31.0,0.0,0.0,2.0,0.0,55.0,0.0,0.0,0.0,0.0,0.0,6.0,0.0,0.0,0.0,0.0,0.0,0.0,39.0,47.0,0.0,0.0,0.0,0.0,0.0,31.0,0.0
19,4,12.0,0.0,29.0,7.0,0.0,0.0,0.0,0.0,0.0,0.0,0.0,0.0,55.0,44.0,0.0,31.0,0.0,0.0,0.0,0.0,0.0,37.0,0.0,0.0,12.0,0.0,0.0,0.0,0.0,0.0,37.0,17.0,0.0,0.0,0.0,19.0,0.0,0.0,29.0,0.0,0.0,18.0,0.0,0.0,0.0,0.0,0.0,3.0,0.0,0.0,0.0,10.0,0.0,17.0,22.0,0.0,34.0,0.0,0.0,0.0,0.0,0.0,0.0,0.0,32.0,0.0,0.0,0.0,0.0,0.0,0.0,48.0,0.0,30.0,0.0,0.0,2.0,0.0,54.0,0.0,0.0,0.0,0.0,0.0,6.0,0.0,0.0,0.0,0.0,0.0,0.0,39.0,46.0,0.0,0.0,0.0,0.0,0.0,30.0,0.0
20,1,11.0,0.0,28.0,7.0,0.0,0.0,0.0,0.0,0.0,0.0,0.0,0.0,51.0,45.0,0.0,30.0,0.0,0.0,0.0,0.0,0.0,37.0,0.0,0.0,12.0,0.0,0.0,0.0,0.0,0.0,36.0,17.0,0.0,0.0,0.0,19.0,0.0,0.0,29.0,0.0,0.0,18.0,0.0,0.0,0.0,0.0,0.0,3.0,0.0,0.0,0.0,10.0,0.0,17.0,22.0,0.0,34.0,0.0,0.0,0.0,0.0,0.0,0.0,0.0,31.0,0.0,0.0,0.0,0.0,0.0,0.0,48.0,0.0,29.0,0.0,0.0,3.0,0.0,55.0,0.0,0.0,0.0,0.0,0.0,7.0,0.0,0.0,0.0,0.0,0.0,0.0,39.0,46.0,0.0,0.0,0.0,0.0,0.0,31.0,0.0
21,4,12.0,0.0,27.0,7.0,0.0,0.0,0.0,0.0,0.0,0.0,0.0,0.0,56.0,43.0,0.0,32.0,0.0,0.0,0.0,0.0,0.0,37.0,0.0,0.0,13.0,0.0,0.0,0.0,0.0,0.0,37.0,17.0,0.0,0.0,0.0,18.0,0.0,0.0,29.0,0.0,0.0,18.0,0.0,0.0,0.0,0.0,0.0,2.0,0.0,0.0,0.0,11.0,0.0,18.0,21.0,0.0,33.0,0.0,0.0,0.0,0.0,0.0,0.0,0.0,31.0,0.0,0.0,0.0,0.0,0.0,0.0,46.0,0.0,30.0,0.0,0.0,1.0,0.0,57.0,0.0,0.0,0.0,0.0,0.0,7.0,0.0,0.0,0.0,0.0,0.0,0.0,38.0,46.0,0.0,0.0,0.0,0.0,0.0,30.0,0.0
22,9,11.0,0.0,29.0,8.0,0.0,0.0,0.0,0.0,0.0,0.0,0.0,0.0,57.0,46.0,0.0,31.0,0.0,0.0,0.0,0.0,0.0,38.0,0.0,0.0,13.0,0.0,0.0,0.0,0.0,0.0,36.0,18.0,0.0,0.0,0.0,17.0,0.0,0.0,30.0,0.0,0.0,18.0,0.0,0.0,0.0,0.0,0.0,3.0,0.0,0.0,0.0,12.0,0.0,17.0,22.0,0.0,34.0,0.0,0.0,0.0,0.0,0.0,0.0,0.0,32.0,0.0,0.0,0.0,0.0,0.0,0.0,49.0,0.0,29.0,0.0,0.0,2.0,0.0,59.0,0.0,0.0,0.0,0.0,0.0,5.0,0.0,0.0,0.0,0.0,0.0,0.0,38.0,47.0,0.0,0.0,0.0,0.0,0.0,31.0,0.0
23,3,11.0,0.0,29.0,7.0,0.0,0.0,0.0,0.0,0.0,0.0,0.0,0.0,56.0,44.0,0.0,33.0,0.0,0.0,0.0,0.0,0.0,39.0,0.0,0.0,13.0,0.0,0.0,0.0,0.0,0.0,39.0,17.0,0.0,0.0,0.0,18.0,0.0,0.0,31.0,0.0,0.0,18.0,0.0,0.0,0.0,0.0,0.0,3.0,0.0,0.0,0.0,12.0,0.0,18.0,22.0,0.0,35.0,0.0,0.0,0.0,0.0,0.0,0.0,0.0,32.0,0.0,0.0,0.0,0.0,0.0,0.0,50.0,0.0,31.0,0.0,0.0,2.0,0.0,58.0,0.0,0.0,0.0,0.0,0.0,6.0,0.0,0.0,0.0,0.0,0.0,0.0,40.0,47.0,0.0,0.0,0.0,0.0,0.0,31.0,0.0
24,6,13.0,0.0,28.0,7.0,0.0,0.0,0.0,0.0,0.0,0.0,0.0,0.0,55.0,45.0,0.0,32.0,0.0,0.0,0.0,0.0,0.0,37.0,0.0,0.0,13.0,0.0,0.0,0.0,0.0,0.0,36.0,17.0,0.0,0.0,0.0,18.0,0.0,0.0,29.0,0.0,0.0,19.0,0.0,0.0,0.0,0.0,0.0,3.0,0.0,0.0,0.0,12.0,0.0,17.0,22.0,0.0,35.0,0.0,0.0,0.0,0.0,0.0,0.0,0.0,32.0,0.0,0.0,0.0,0.0,0.0,0.0,48.0,0.0,30.0,0.0,0.0,2.0,0.0,56.0,0.0,0.0,0.0,0.0,0.0,6.0,0.0,0.0,0.0,0.0,0.0,0.0,39.0,46.0,0.0,0.0,0.0,0.0,0.0,32.0,0.0
25,3,11.0,0.0,29.0,7.0,0.0,0.0,0.0,0.0,0.0,0.0,0.0,0.0,55.0,44.0,0.0,32.0,0.0,0.0,0.0,0.0,0.0,38.0,0.0,0.0,11.0,0.0,0.0,0.0,0.0,0.0,38.0,17.0,0.0,0.0,0.0,18.0,0.0,0.0,28.0,0.0,0.0,18.0,0.0,0.0,0.0,0.0,0.0,3.0,0.0,0.0,0.0,11.0,0.0,18.0,22.0,0.0,34.0,0.0,0.0,0.0,0.0,0.0,0.0,0.0,34.0,0.0,0.0,0.0,0.0,0.0,0.0,49.0,0.0,30.0,0.0,0.0,2.0,0.0,56.0,0.0,0.0,0.0,0.0,0.0,6.0,0.0,0.0,0.0,0.0,0.0,0.0,38.0,48.0,0.0,0.0,0.0,0.0,0.0,30.0,0.0
26,4,11.0,0.0,28.0,7.0,0.0,0.0,0.0,0.0,0.0,0.0,0.0,0.0,54.0,43.0,0.0,31.0,0.0,0.0,0.0,0.0,0.0,37.0,0.0,0.0,12.0,0.0,0.0,0.0,0.0,0.0,37.0,16.0,0.0,0.0,0.0,18.0,0.0,0.0,29.0,0.0,0.0,18.0,0.0,0.0,0.0,0.0,0.0,3.0,0.0,0.0,0.0,10.0,0.0,17.0,22.0,0.0,33.0,0.0,0.0,0.0,0.0,0.0,0.0,0.0,32.0,0.0,0.0,0.0,0.0,0.0,0.0,48.0,0.0,29.0,0.0,0.0,3.0,0.0,56.0,0.0,0.0,0.0,0.0,0.0,6.0,0.0,0.0,0.0,0.0,0.0,0.0,38.0,47.0,0.0,0.0,0.0,0.0,0.0,31.0,0.0
27,5,12.0,0.0,28.0,7.0,0.0,0.0,0.0,0.0,0.0,0.0,0.0,0.0,54.0,46.0,0.0,32.0,0.0,0.0,0.0,0.0,0.0,37.0,0.0,0.0,11.0,0.0,0.0,0.0,0.0,0.0,36.0,17.0,0.0,0.0,0.0,18.0,0.0,0.0,30.0,0.0,0.0,19.0,0.0,0.0,0.0,0.0,0.0,3.0,0.0,0.0,0.0,11.0,0.0,17.0,22.0,0.0,34.0,0.0,0.0,0.0,0.0,0.0,0.0,0.0,32.0,0.0,0.0,0.0,0.0,0.0,0.0,49.0,0.0,30.0,0.0,0.0,2.0,0.0,57.0,0.0,0.0,0.0,0.0,0.0,6.0,0.0,0.0,0.0,0.0,0.0,0.0,39.0,47.0,0.0,0.0,0.0,0.0,0.0,31.0,0.0
28,1,12.0,0.0,29.0,8.0,0.0,0.0,0.0,0.0,0.0,0.0,0.0,0.0,55.0,46.0,0.0,30.0,0.0,0.0,0.0,0.0,0.0,37.0,0.0,0.0,11.0,0.0,0.0,0.0,0.0,0.0,36.0,17.0,0.0,0.0,0.0,18.0,0.0,0.0,29.0,0.0,0.0,19.0,0.0,0.0,0.0,0.0,0.0,3.0,0.0,0.0,0.0,11.0,0.0,18.0,22.0,0.0,33.0,0.0,0.0,0.0,0.0,0.0,0.0,0.0,30.0,0.0,0.0,0.0,0.0,0.0,0.0,51.0,0.0,30.0,0.0,0.0,2.0,0.0,55.0,0.0,0.0,0.0,0.0,0.0,6.0,0.0,0.0,0.0,0.0,0.0,0.0,39.0,45.0,0.0,0.0,0.0,0.0,0.0,30.0,0.0
29,9,11.0,0.0,30.0,8.0,0.0,0.0,0.0,0.0,0.0,0.0,0.0,0.0,55.0,45.0,0.0,32.0,0.0,0.0,0.0,0.0,0.0,36.0,0.0,0.0,12.0,0.0,0.0,0.0,0.0,0.0,37.0,18.0,0.0,0.0,0.0,18.0,0.0,0.0,30.0,0.0,0.0,18.0,0.0,0.0,0.0,0.0,0.0,4.0,0.0,0.0,0.0,11.0,0.0,17.0,22.0,0.0,34.0,0.0,0.0,0.0,0.0,0.0,0.0,0.0,32.0,0.0,0.0,0.0,0.0,0.0,0.0,49.0,0.0,30.0,0.0,0.0,2.0,0.0,55.0,0.0,0.0,0.0,0.0,0.0,6.0,0.0,0.0,0.0,0.0,0.0,0.0,39.0,47.0,0.0,0.0,0.0,0.0,0.0,31.0,0.0
30,9,11.0,0.0,29.0,7.0,0.0,0.0,0.0,0.0,0.0,0.0,0.0,0.0,55.0,46.0,0.0,31.0,0.0,0.0,0.0,0.0,0.0,37.0,0.0,0.0,12.0,0.0,0.0,0.0,0.0,0.0,37.0,17.0,0.0,0.0,0.0,18.0,0.0,0.0,30.0,0.0,0.0,18.0,0.0,0.0,0.0,0.0,0.0,3.0,0.0,0.0,0.0,11.0,0.0,18.0,22.0,0.0,34.0,0.0,0.0,0.0,0.0,0.0,0.0,0.0,32.0,0.0,0.0,0.0,0.0,0.0,0.0,48.0,0.0,31.0,0.0,0.0,2.0,0.0,57.0,0.0,0.0,0.0,0.0,0.0,6.0,0.0,0.0,0.0,0.0,0.0,0.0,39.0,46.0,0.0,0.0,0.0,0.0,0.0,31.0,0.0
31,7,12.0,0.0,29.0,7.0,0.0,0.0,0.0,0.0,0.0,0.0,0.0,0.0,57.0,44.0,0.0,31.0,0.0,0.0,0.0,0.0,0.0,37.0,0.0,0.0,12.0,0.0,0.0,0.0,0.0,0.0,38.0,17.0,0.0,0.0,0.0,18.0,0.0,0.0,29.0,0.0,0.0,19.0,0.0,0.0,0.0,0.0,0.0,3.0,0.0,0.0,0.0,12.0,0.0,17.0,22.0,0.0,35.0,0.0,0.0,0.0,0.0,0.0,0.0,0.0,32.0,0.0,0.0,0.0,0.0,0.0,0.0,50.0,0.0,31.0,0.0,0.0,2.0,0.0,56.0,0.0,0.0,0.0,0.0,0.0,6.0,0.0,0.0,0.0,0.0,0.0,0.0,39.0,46.0,0.0,0.0,0.0,0.0,0.0,31.0,0.0
32,9,11.0,0.0,29.0,8.0,0.0,0.0,0.0,0.0,0.0,0.0,0.0,0.0,56.0,45.0,0.0,32.0,0.0,0.0,0.0,0.0,0.0,38.0,0.0,0.0,12.0,0.0,0.0,0.0,0.0,0.0,37.0,17.0,0.0,0.0,0.0,18.0,0.0,0.0,30.0,0.0,0.0,18.0,0.0,0.0,0.0,0.0,0.0,4.0,0.0,0.0,0.0,11.0,0.0,18.0,23.0,0.0,35.0,0.0,0.0,0.0,0.0,0.0,0.0,0.0,32.0,0.0,0.0,0.0,0.0,0.0,0.0,50.0,0.0,31.0,0.0,0.0,3.0,0.0,56.0,0.0,0.0,0.0,0.0,0.0,5.0,0.0,0.0,0.0,0.0,0.0,0.0,40.0,46.0,0.0,0.0,0.0,0.0,0.0,31.0,0.0
33,7,12.0,0.0,29.0,8.0,0.0,0.0,0.0,0.0,0.0,0.0,0.0,0.0,56.0,45.0,0.0,31.0,0.0,0.0,0.0,0.0,0.0,38.0,0.0,0.0,12.0,0.0,0.0,0.0,0.0,0.0,38.0,17.0,0.0,0.0,0.0,18.0,0.0,0.0,29.0,0.0,0.0,18.0,0.0,0.0,0.0,0.0,0.0,4.0,0.0,0.0,0.0,11.0,0.0,17.0,23.0,0.0,34.0,0.0,0.0,0.0,0.0,0.0,0.0,0.0,32.0,0.0,0.0,0.0,0.0,0.0,0.0,50.0,0.0,31.0,0.0,0.0,3.0,0.0,58.0,0.0,0.0,0.0,0.0,0.0,5.0,0.0,0.0,0.0,0.0,0.0,0.0,40.0,46.0,0.0,0.0,0.0,0.0,0.0,31.0,0.0
34,4,12.0,0.0,28.0,6.0,0.0,0.0,0.0,0.0,0.0,0.0,0.0,0.0,55.0,44.0,0.0,32.0,0.0,0.0,0.0,0.0,0.0,38.0,0.0,0.0,12.0,0.0,0.0,0.0,0.0,0.0,38.0,17.0,0.0,0.0,0.0,19.0,0.0,0.0,29.0,0.0,0.0,18.0,0.0,0.0,0.0,0.0,0.0,3.0,0.0,0.0,0.0,10.0,0.0,17.0,22.0,0.0,34.0,0.0,0.0,0.0,0.0,0.0,0.0,0.0,33.0,0.0,0.0,0.0,0.0,0.0,0.0,49.0,0.0,31.0,0.0,0.0,3.0,0.0,56.0,0.0,0.0,0.0,0.0,0.0,6.0,0.0,0.0,0.0,0.0,0.0,0.0,39.0,46.0,0.0,0.0,0.0,0.0,0.0,32.0,0.0
35,1,12.0,0.0,28.0,8.0,0.0,0.0,0.0,0.0,0.0,0.0,0.0,0.0,54.0,46.0,0.0,31.0,0.0,0.0,0.0,0.0,0.0,37.0,0.0,0.0,12.0,0.0,0.0,0.0,0.0,0.0,38.0,17.0,0.0,0.0,0.0,19.0,0.0,0.0,29.0,0.0,0.0,18.0,0.0,0.0,0.0,0.0,0.0,3.0,0.0,0.0,0.0,11.0,0.0,17.0,23.0,0.0,35.0,0.0,0.0,0.0,0.0,0.0,0.0,0.0,31.0,0.0,0.0,0.0,0.0,0.0,0.0,49.0,0.0,30.0,0.0,0.0,2.0,0.0,56.0,0.0,0.0,0.0,0.0,0.0,6.0,0.0,0.0,0.0,0.0,0.0,0.0,39.0,46.0,0.0,0.0,0.0,0.0,0.0,31.0,0.0
36,0,12.0,0.0,29.0,8.0,0.0,0.0,0.0,0.0,0.0,0.0,0.0,0.0,56.0,46.0,0.0,31.0,0.0,0.0,0.0,0.0,0.0,39.0,0.0,0.0,14.0,0.0,0.0,0.0,0.0,0.0,38.0,18.0,0.0,0.0,0.0,17.0,0.0,0.0,29.0,0.0,0.0,19.0,0.0,0.0,0.0,0.0,0.0,4.0,0.0,0.0,0.0,11.0,0.0,17.0,22.0,0.0,35.0,0.0,0.0,0.0,0.0,0.0,0.0,0.0,31.0,0.0,0.0,0.0,0.0,0.0,0.0,50.0,0.0,32.0,0.0,0.0,3.0,0.0,57.0,0.0,0.0,0.0,0.0,0.0,4.0,0.0,0.0,0.0,0.0,0.0,0.0,39.0,47.0,0.0,0.0,0.0,0.0,0.0,31.0,0.0
37,2,12.0,0.0,28.0,7.0,0.0,0.0,0.0,0.0,0.0,0.0,0.0,0.0,56.0,45.0,0.0,31.0,0.0,0.0,0.0,0.0,0.0,39.0,0.0,0.0,13.0,0.0,0.0,0.0,0.0,0.0,37.0,18.0,0.0,0.0,0.0,18.0,0.0,0.0,28.0,0.0,0.0,18.0,0.0,0.0,0.0,0.0,0.0,4.0,0.0,0.0,0.0,11.0,0.0,17.0,22.0,0.0,35.0,0.0,0.0,0.0,0.0,0.0,0.0,0.0,32.0,0.0,0.0,0.0,0.0,0.0,0.0,50.0,0.0,30.0,0.0,0.0,3.0,0.0,60.0,0.0,0.0,0.0,0.0,0.0,5.0,0.0,0.0,0.0,0.0,0.0,0.0,39.0,47.0,0.0,0.0,0.0,0.0,0.0,31.0,0.0
38,0,12.0,0.0,28.0,8.0,0.0,0.0,0.0,0.0,0.0,0.0,0.0,0.0,54.0,45.0,0.0,32.0,0.0,0.0,0.0,0.0,0.0,37.0,0.0,0.0,13.0,0.0,0.0,0.0,0.0,0.0,37.0,17.0,0.0,0.0,0.0,18.0,0.0,0.0,31.0,0.0,0.0,19.0,0.0,0.0,0.0,0.0,0.0,4.0,0.0,0.0,0.0,11.0,0.0,17.0,23.0,0.0,34.0,0.0,0.0,0.0,0.0,0.0,0.0,0.0,31.0,0.0,0.0,0.0,0.0,0.0,0.0,49.0,0.0,31.0,0.0,0.0,2.0,0.0,56.0,0.0,0.0,0.0,0.0,0.0,5.0,0.0,0.0,0.0,0.0,0.0,0.0,39.0,48.0,0.0,0.0,0.0,0.0,0.0,31.0,0.0
39,0,12.0,0.0,29.0,8.0,0.0,0.0,0.0,0.0,0.0,0.0,0.0,0.0,58.0,47.0,0.0,32.0,0.0,0.0,0.0,0.0,0.0,38.0,0.0,0.0,13.0,0.0,0.0,0.0,0.0,0.0,38.0,18.0,0.0,0.0,0.0,18.0,0.0,0.0,29.0,0.0,0.0,19.0,0.0,0.0,0.0,0.0,0.0,4.0,0.0,0.0,0.0,11.0,0.0,18.0,23.0,0.0,34.0,0.0,0.0,0.0,0.0,0.0,0.0,0.0,31.0,0.0,0.0,0.0,0.0,0.0,0.0,50.0,0.0,31.0,0.0,0.0,2.0,0.0,55.0,0.0,0.0,0.0,0.0,0.0,6.0,0.0,0.0,0.0,0.0,0.0,0.0,39.0,49.0,0.0,0.0,0.0,0.0,0.0,31.0,0.0
40,7,13.0,0.0,28.0,7.0,0.0,0.0,0.0,0.0,0.0,0.0,0.0,0.0,55.0,45.0,0.0,31.0,0.0,0.0,0.0,0.0,0.0,37.0,0.0,0.0,12.0,0.0,0.0,0.0,0.0,0.0,36.0,17.0,0.0,0.0,0.0,18.0,0.0,0.0,29.0,0.0,0.0,18.0,0.0,0.0,0.0,0.0,0.0,4.0,0.0,0.0,0.0,11.0,0.0,17.0,22.0,0.0,35.0,0.0,0.0,0.0,0.0,0.0,0.0,0.0,32.0,0.0,0.0,0.0,0.0,0.0,0.0,49.0,0.0,30.0,0.0,0.0,1.0,0.0,56.0,0.0,0.0,0.0,0.0,0.0,6.0,0.0,0.0,0.0,0.0,0.0,0.0,39.0,47.0,0.0,0.0,0.0,0.0,0.0,31.0,0.0
41,4,12.0,0.0,28.0,7.0,0.0,0.0,0.0,0.0,0.0,0.0,0.0,0.0,57.0,44.0,0.0,32.0,0.0,0.0,0.0,0.0,0.0,38.0,0.0,0.0,12.0,0.0,0.0,0.0,0.0,0.0,37.0,17.0,0.0,0.0,0.0,18.0,0.0,0.0,29.0,0.0,0.0,18.0,0.0,0.0,0.0,0.0,0.0,4.0,0.0,0.0,0.0,11.0,0.0,18.0,21.0,0.0,35.0,0.0,0.0,0.0,0.0,0.0,0.0,0.0,32.0,0.0,0.0,0.0,0.0,0.0,0.0,49.0,0.0,30.0,0.0,0.0,3.0,0.0,56.0,0.0,0.0,0.0,0.0,0.0,6.0,0.0,0.0,0.0,0.0,0.0,0.0,39.0,45.0,0.0,0.0,0.0,0.0,0.0,31.0,0.0
42,6,12.0,0.0,29.0,7.0,0.0,0.0,0.0,0.0,0.0,0.0,0.0,0.0,56.0,46.0,0.0,31.0,0.0,0.0,0.0,0.0,0.0,38.0,0.0,0.0,12.0,0.0,0.0,0.0,0.0,0.0,37.0,18.0,0.0,0.0,0.0,18.0,0.0,0.0,29.0,0.0,0.0,18.0,0.0,0.0,0.0,0.0,0.0,3.0,0.0,0.0,0.0,12.0,0.0,17.0,22.0,0.0,33.0,0.0,0.0,0.0,0.0,0.0,0.0,0.0,32.0,0.0,0.0,0.0,0.0,0.0,0.0,49.0,0.0,31.0,0.0,0.0,2.0,0.0,56.0,0.0,0.0,0.0,0.0,0.0,6.0,0.0,0.0,0.0,0.0,0.0,0.0,39.0,47.0,0.0,0.0,0.0,0.0,0.0,30.0,0.0
43,7,11.0,0.0,28.0,7.0,0.0,0.0,0.0,0.0,0.0,0.0,0.0,0.0,56.0,45.0,0.0,33.0,0.0,0.0,0.0,0.0,0.0,37.0,0.0,0.0,12.0,0.0,0.0,0.0,0.0,0.0,38.0,18.0,0.0,0.0,0.0,18.0,0.0,0.0,28.0,0.0,0.0,19.0,0.0,0.0,0.0,0.0,0.0,3.0,0.0,0.0,0.0,11.0,0.0,18.0,22.0,0.0,34.0,0.0,0.0,0.0,0.0,0.0,0.0,0.0,32.0,0.0,0.0,0.0,0.0,0.0,0.0,49.0,0.0,31.0,0.0,0.0,1.0,0.0,57.0,0.0,0.0,0.0,0.0,0.0,6.0,0.0,0.0,0.0,0.0,0.0,0.0,38.0,46.0,0.0,0.0,0.0,0.0,0.0,31.0,0.0
44,9,12.0,0.0,28.0,7.0,0.0,0.0,0.0,0.0,0.0,0.0,0.0,0.0,56.0,45.0,0.0,31.0,0.0,0.0,0.0,0.0,0.0,37.0,0.0,0.0,12.0,0.0,0.0,0.0,0.0,0.0,37.0,16.0,0.0,0.0,0.0,18.0,0.0,0.0,28.0,0.0,0.0,18.0,0.0,0.0,0.0,0.0,0.0,3.0,0.0,0.0,0.0,11.0,0.0,17.0,21.0,0.0,34.0,0.0,0.0,0.0,0.0,0.0,0.0,0.0,32.0,0.0,0.0,0.0,0.0,0.0,0.0,49.0,0.0,30.0,0.0,0.0,2.0,0.0,54.0,0.0,0.0,0.0,0.0,0.0,5.0,0.0,0.0,0.0,0.0,0.0,0.0,37.0,45.0,0.0,0.0,0.0,0.0,0.0,30.0,0.0
45,7,12.0,0.0,29.0,7.0,0.0,0.0,0.0,0.0,0.0,0.0,0.0,0.0,54.0,45.0,0.0,31.0,0.0,0.0,0.0,0.0,0.0,37.0,0.0,0.0,12.0,0.0,0.0,0.0,0.0,0.0,37.0,18.0,0.0,0.0,0.0,18.0,0.0,0.0,29.0,0.0,0.0,19.0,0.0,0.0,0.0,0.0,0.0,3.0,0.0,0.0,0.0,11.0,0.0,17.0,22.0,0.0,34.0,0.0,0.0,0.0,0.0,0.0,0.0,0.0,32.0,0.0,0.0,0.0,0.0,0.0,0.0,51.0,0.0,31.0,0.0,0.0,3.0,0.0,57.0,0.0,0.0,0.0,0.0,0.0,6.0,0.0,0.0,0.0,0.0,0.0,0.0,39.0,46.0,0.0,0.0,0.0,0.0,0.0,31.0,0.0
46,3,11.0,0.0,28.0,7.0,0.0,0.0,0.0,0.0,0.0,0.0,0.0,0.0,56.0,45.0,0.0,32.0,0.0,0.0,0.0,0.0,0.0,38.0,0.0,0.0,13.0,0.0,0.0,0.0,0.0,0.0,38.0,17.0,0.0,0.0,0.0,18.0,0.0,0.0,28.0,0.0,0.0,18.0,0.0,0.0,0.0,0.0,0.0,3.0,0.0,0.0,0.0,12.0,0.0,18.0,22.0,0.0,35.0,0.0,0.0,0.0,0.0,0.0,0.0,0.0,32.0,0.0,0.0,0.0,0.0,0.0,0.0,50.0,0.0,31.0,0.0,0.0,1.0,0.0,56.0,0.0,0.0,0.0,0.0,0.0,7.0,0.0,0.0,0.0,0.0,0.0,0.0,38.0,46.0,0.0,0.0,0.0,0.0,0.0,31.0,0.0
47,5,12.0,0.0,28.0,7.0,0.0,0.0,0.0,0.0,0.0,0.0,0.0,0.0,55.0,46.0,0.0,31.0,0.0,0.0,0.0,0.0,0.0,38.0,0.0,0.0,12.0,0.0,0.0,0.0,0.0,0.0,37.0,17.0,0.0,0.0,0.0,18.0,0.0,0.0,29.0,0.0,0.0,19.0,0.0,0.0,0.0,0.0,0.0,3.0,0.0,0.0,0.0,11.0,0.0,18.0,22.0,0.0,35.0,0.0,0.0,0.0,0.0,0.0,0.0,0.0,32.0,0.0,0.0,0.0,0.0,0.0,0.0,48.0,0.0,31.0,0.0,0.0,0.0,0.0,56.0,0.0,0.0,0.0,0.0,0.0,6.0,0.0,0.0,0.0,0.0,0.0,0.0,39.0,46.0,0.0,0.0,0.0,0.0,0.0,31.0,0.0
48,1,11.0,0.0,28.0,7.0,0.0,0.0,0.0,0.0,0.0,0.0,0.0,0.0,55.0,43.0,0.0,31.0,0.0,0.0,0.0,0.0,0.0,37.0,0.0,0.0,12.0,0.0,0.0,0.0,0.0,0.0,37.0,17.0,0.0,0.0,0.0,18.0,0.0,0.0,29.0,0.0,0.0,18.0,0.0,0.0,0.0,0.0,0.0,3.0,0.0,0.0,0.0,11.0,0.0,18.0,22.0,0.0,33.0,0.0,0.0,0.0,0.0,0.0,0.0,0.0,30.0,0.0,0.0,0.0,0.0,0.0,0.0,47.0,0.0,30.0,0.0,0.0,1.0,0.0,56.0,0.0,0.0,0.0,0.0,0.0,7.0,0.0,0.0,0.0,0.0,0.0,0.0,38.0,45.0,0.0,0.0,0.0,0.0,0.0,30.0,0.0
49,7,12.0,0.0,27.0,8.0,0.0,0.0,0.0,0.0,0.0,0.0,0.0,0.0,57.0,45.0,0.0,32.0,0.0,0.0,0.0,0.0,0.0,38.0,0.0,0.0,13.0,0.0,0.0,0.0,0.0,0.0,36.0,16.0,0.0,0.0,0.0,17.0,0.0,0.0,30.0,0.0,0.0,18.0,0.0,0.0,0.0,0.0,0.0,3.0,0.0,0.0,0.0,11.0,0.0,18.0,21.0,0.0,34.0,0.0,0.0,0.0,0.0,0.0,0.0,0.0,32.0,0.0,0.0,0.0,0.0,0.0,0.0,49.0,0.0,30.0,0.0,0.0,1.0,0.0,57.0,0.0,0.0,0.0,0.0,0.0,6.0,0.0,0.0,0.0,0.0,0.0,0.0,39.0,47.0,0.0,0.0,0.0,0.0,0.0,32.0,0.0
50,6,12.0,0.0,30.0,8.0,0.0,0.0,0.0,0.0,0.0,0.0,0.0,0.0,55.0,44.0,0.0,31.0,0.0,0.0,0.0,0.0,0.0,37.0,0.0,0.0,12.0,0.0,0.0,0.0,0.0,0.0,37.0,17.0,0.0,0.0,0.0,18.0,0.0,0.0,30.0,0.0,0.0,19.0,0.0,0.0,0.0,0.0,0.0,3.0,0.0,0.0,0.0,11.0,0.0,18.0,21.0,0.0,34.0,0.0,0.0,0.0,0.0,0.0,0.0,0.0,32.0,0.0,0.0,0.0,0.0,0.0,0.0,48.0,0.0,30.0,0.0,0.0,1.0,0.0,55.0,0.0,0.0,0.0,0.0,0.0,6.0,0.0,0.0,0.0,0.0,0.0,0.0,39.0,47.0,0.0,0.0,0.0,0.0,0.0,30.0,0.0
51,5,11.0,0.0,28.0,8.0,0.0,0.0,0.0,0.0,0.0,0.0,0.0,0.0,53.0,44.0,0.0,30.0,0.0,0.0,0.0,0.0,0.0,37.0,0.0,0.0,12.0,0.0,0.0,0.0,0.0,0.0,37.0,17.0,0.0,0.0,0.0,18.0,0.0,0.0,30.0,0.0,0.0,18.0,0.0,0.0,0.0,0.0,0.0,4.0,0.0,0.0,0.0,11.0,0.0,17.0,22.0,0.0,34.0,0.0,0.0,0.0,0.0,0.0,0.0,0.0,31.0,0.0,0.0,0.0,0.0,0.0,0.0,48.0,0.0,29.0,0.0,0.0,1.0,0.0,56.0,0.0,0.0,0.0,0.0,0.0,7.0,0.0,0.0,0.0,0.0,0.0,0.0,38.0,47.0,0.0,0.0,0.0,0.0,0.0,30.0,0.0
52,9,12.0,0.0,27.0,7.0,0.0,0.0,0.0,0.0,0.0,0.0,0.0,0.0,56.0,45.0,0.0,32.0,0.0,0.0,0.0,0.0,0.0,37.0,0.0,0.0,11.0,0.0,0.0,0.0,0.0,0.0,38.0,18.0,0.0,0.0,0.0,19.0,0.0,0.0,29.0,0.0,0.0,19.0,0.0,0.0,0.0,0.0,0.0,3.0,0.0,0.0,0.0,12.0,0.0,18.0,23.0,0.0,33.0,0.0,0.0,0.0,0.0,0.0,0.0,0.0,31.0,0.0,0.0,0.0,0.0,0.0,0.0,49.0,0.0,31.0,0.0,0.0,3.0,0.0,56.0,0.0,0.0,0.0,0.0,0.0,6.0,0.0,0.0,0.0,0.0,0.0,0.0,39.0,46.0,0.0,0.0,0.0,0.0,0.0,32.0,0.0
53,7,12.0,0.0,28.0,7.0,0.0,0.0,0.0,0.0,0.0,0.0,0.0,0.0,56.0,45.0,0.0,31.0,0.0,0.0,0.0,0.0,0.0,37.0,0.0,0.0,12.0,0.0,0.0,0.0,0.0,0.0,37.0,17.0,0.0,0.0,0.0,18.0,0.0,0.0,29.0,0.0,0.0,18.0,0.0,0.0,0.0,0.0,0.0,4.0,0.0,0.0,0.0,10.0,0.0,17.0,22.0,0.0,34.0,0.0,0.0,0.0,0.0,0.0,0.0,0.0,31.0,0.0,0.0,0.0,0.0,0.0,0.0,49.0,0.0,29.0,0.0,0.0,2.0,0.0,56.0,0.0,0.0,0.0,0.0,0.0,7.0,0.0,0.0,0.0,0.0,0.0,0.0,39.0,48.0,0.0,0.0,0.0,0.0,0.0,31.0,0.0
54,5,12.0,0.0,29.0,7.0,0.0,0.0,0.0,0.0,0.0,0.0,0.0,0.0,55.0,46.0,0.0,31.0,0.0,0.0,0.0,0.0,0.0,37.0,0.0,0.0,12.0,0.0,0.0,0.0,0.0,0.0,37.0,17.0,0.0,0.0,0.0,18.0,0.0,0.0,29.0,0.0,0.0,18.0,0.0,0.0,0.0,0.0,0.0,3.0,0.0,0.0,0.0,10.0,0.0,18.0,23.0,0.0,33.0,0.0,0.0,0.0,0.0,0.0,0.0,0.0,32.0,0.0,0.0,0.0,0.0,0.0,0.0,51.0,0.0,31.0,0.0,0.0,3.0,0.0,57.0,0.0,0.0,0.0,0.0,0.0,5.0,0.0,0.0,0.0,0.0,0.0,0.0,39.0,46.0,0.0,0.0,0.0,0.0,0.0,31.0,0.0
55,6,12.0,0.0,29.0,8.0,0.0,0.0,0.0,0.0,0.0,0.0,0.0,0.0,55.0,47.0,0.0,32.0,0.0,0.0,0.0,0.0,0.0,38.0,0.0,0.0,12.0,0.0,0.0,0.0,0.0,0.0,37.0,17.0,0.0,0.0,0.0,19.0,0.0,0.0,29.0,0.0,0.0,19.0,0.0,0.0,0.0,0.0,0.0,4.0,0.0,0.0,0.0,11.0,0.0,17.0,22.0,0.0,32.0,0.0,0.0,0.0,0.0,0.0,0.0,0.0,30.0,0.0,0.0,0.0,0.0,0.0,0.0,50.0,0.0,30.0,0.0,0.0,1.0,0.0,56.0,0.0,0.0,0.0,0.0,0.0,6.0,0.0,0.0,0.0,0.0,0.0,0.0,39.0,47.0,0.0,0.0,0.0,0.0,0.0,30.0,0.0
56,4,11.0,0.0,28.0,8.0,0.0,0.0,0.0,0.0,0.0,0.0,0.0,0.0,54.0,44.0,0.0,30.0,0.0,0.0,0.0,0.0,0.0,37.0,0.0,0.0,12.0,0.0,0.0,0.0,0.0,0.0,38.0,17.0,0.0,0.0,0.0,19.0,0.0,0.0,29.0,0.0,0.0,18.0,0.0,0.0,0.0,0.0,0.0,3.0,0.0,0.0,0.0,11.0,0.0,17.0,21.0,0.0,33.0,0.0,0.0,0.0,0.0,0.0,0.0,0.0,31.0,0.0,0.0,0.0,0.0,0.0,0.0,48.0,0.0,30.0,0.0,0.0,2.0,0.0,55.0,0.0,0.0,0.0,0.0,0.0,6.0,0.0,0.0,0.0,0.0,0.0,0.0,39.0,44.0,0.0,0.0,0.0,0.0,0.0,31.0,0.0
57,6,12.0,0.0,28.0,8.0,0.0,0.0,0.0,0.0,0.0,0.0,0.0,0.0,55.0,44.0,0.0,32.0,0.0,0.0,0.0,0.0,0.0,38.0,0.0,0.0,12.0,0.0,0.0,0.0,0.0,0.0,38.0,17.0,0.0,0.0,0.0,18.0,0.0,0.0,29.0,0.0,0.0,18.0,0.0,0.0,0.0,0.0,0.0,4.0,0.0,0.0,0.0,10.0,0.0,17.0,22.0,0.0,33.0,0.0,0.0,0.0,0.0,0.0,0.0,0.0,32.0,0.0,0.0,0.0,0.0,0.0,0.0,51.0,0.0,30.0,0.0,0.0,2.0,0.0,57.0,0.0,0.0,0.0,0.0,0.0,6.0,0.0,0.0,0.0,0.0,0.0,0.0,38.0,46.0,0.0,0.0,0.0,0.0,0.0,29.0,0.0
58,2,12.0,0.0,28.0,7.0,0.0,0.0,0.0,0.0,0.0,0.0,0.0,0.0,55.0,46.0,0.0,32.0,0.0,0.0,0.0,0.0,0.0,38.0,0.0,0.0,12.0,0.0,0.0,0.0,0.0,0.0,38.0,17.0,0.0,0.0,0.0,18.0,0.0,0.0,30.0,0.0,0.0,18.0,0.0,0.0,0.0,0.0,0.0,3.0,0.0,0.0,0.0,11.0,0.0,18.0,23.0,0.0,34.0,0.0,0.0,0.0,0.0,0.0,0.0,0.0,32.0,0.0,0.0,0.0,0.0,0.0,0.0,49.0,0.0,30.0,0.0,0.0,2.0,0.0,57.0,0.0,0.0,0.0,0.0,0.0,6.0,0.0,0.0,0.0,0.0,0.0,0.0,39.0,47.0,0.0,0.0,0.0,0.0,0.0,30.0,0.0
59,4,12.0,0.0,29.0,7.0,0.0,0.0,0.0,0.0,0.0,0.0,0.0,0.0,57.0,45.0,0.0,31.0,0.0,0.0,0.0,0.0,0.0,38.0,0.0,0.0,14.0,0.0,0.0,0.0,0.0,0.0,37.0,18.0,0.0,0.0,0.0,18.0,0.0,0.0,30.0,0.0,0.0,18.0,0.0,0.0,0.0,0.0,0.0,4.0,0.0,0.0,0.0,11.0,0.0,18.0,23.0,0.0,34.0,0.0,0.0,0.0,0.0,0.0,0.0,0.0,32.0,0.0,0.0,0.0,0.0,0.0,0.0,51.0,0.0,30.0,0.0,0.0,2.0,0.0,60.0,0.0,0.0,0.0,0.0,0.0,5.0,0.0,0.0,0.0,0.0,0.0,0.0,40.0,47.0,0.0,0.0,0.0,0.0,0.0,32.0,0.0
60,4,12.0,0.0,28.0,7.0,0.0,0.0,0.0,0.0,0.0,0.0,0.0,0.0,55.0,45.0,0.0,31.0,0.0,0.0,0.0,0.0,0.0,37.0,0.0,0.0,12.0,0.0,0.0,0.0,0.0,0.0,38.0,17.0,0.0,0.0,0.0,18.0,0.0,0.0,29.0,0.0,0.0,18.0,0.0,0.0,0.0,0.0,0.0,3.0,0.0,0.0,0.0,11.0,0.0,18.0,22.0,0.0,33.0,0.0,0.0,0.0,0.0,0.0,0.0,0.0,33.0,0.0,0.0,0.0,0.0,0.0,0.0,49.0,0.0,30.0,0.0,0.0,1.0,0.0,57.0,0.0,0.0,0.0,0.0,0.0,7.0,0.0,0.0,0.0,0.0,0.0,0.0,39.0,47.0,0.0,0.0,0.0,0.0,0.0,30.0,0.0
61,6,12.0,0.0,28.0,7.0,0.0,0.0,0.0,0.0,0.0,0.0,0.0,0.0,54.0,45.0,0.0,32.0,0.0,0.0,0.0,0.0,0.0,37.0,0.0,0.0,11.0,0.0,0.0,0.0,0.0,0.0,36.0,17.0,0.0,0.0,0.0,18.0,0.0,0.0,30.0,0.0,0.0,18.0,0.0,0.0,0.0,0.0,0.0,4.0,0.0,0.0,0.0,11.0,0.0,17.0,22.0,0.0,33.0,0.0,0.0,0.0,0.0,0.0,0.0,0.0,32.0,0.0,0.0,0.0,0.0,0.0,0.0,50.0,0.0,31.0,0.0,0.0,2.0,0.0,57.0,0.0,0.0,0.0,0.0,0.0,6.0,0.0,0.0,0.0,0.0,0.0,0.0,39.0,47.0,0.0,0.0,0.0,0.0,0.0,31.0,0.0
62,2,12.0,0.0,28.0,7.0,0.0,0.0,0.0,0.0,0.0,0.0,0.0,0.0,55.0,44.0,0.0,32.0,0.0,0.0,0.0,0.0,0.0,38.0,0.0,0.0,12.0,0.0,0.0,0.0,0.0,0.0,37.0,17.0,0.0,0.0,0.0,18.0,0.0,0.0,29.0,0.0,0.0,18.0,0.0,0.0,0.0,0.0,0.0,3.0,0.0,0.0,0.0,12.0,0.0,18.0,22.0,0.0,33.0,0.0,0.0,0.0,0.0,0.0,0.0,0.0,31.0,0.0,0.0,0.0,0.0,0.0,0.0,49.0,0.0,31.0,0.0,0.0,1.0,0.0,56.0,0.0,0.0,0.0,0.0,0.0,6.0,0.0,0.0,0.0,0.0,0.0,0.0,39.0,46.0,0.0,0.0,0.0,0.0,0.0,30.0,0.0
63,0,12.0,0.0,30.0,8.0,0.0,0.0,0.0,0.0,0.0,0.0,0.0,0.0,56.0,46.0,0.0,31.0,0.0,0.0,0.0,0.0,0.0,38.0,0.0,0.0,12.0,0.0,0.0,0.0,0.0,0.0,37.0,17.0,0.0,0.0,0.0,18.0,0.0,0.0,29.0,0.0,0.0,19.0,0.0,0.0,0.0,0.0,0.0,4.0,0.0,0.0,0.0,12.0,0.0,17.0,22.0,0.0,34.0,0.0,0.0,0.0,0.0,0.0,0.0,0.0,31.0,0.0,0.0,0.0,0.0,0.0,0.0,50.0,0.0,31.0,0.0,0.0,1.0,0.0,55.0,0.0,0.0,0.0,0.0,0.0,5.0,0.0,0.0,0.0,0.0,0.0,0.0,39.0,47.0,0.0,0.0,0.0,0.0,0.0,32.0,0.0
64,4,12.0,0.0,28.0,7.0,0.0,0.0,0.0,0.0,0.0,0.0,0.0,0.0,55.0,44.0,0.0,32.0,0.0,0.0,0.0,0.0,0.0,37.0,0.0,0.0,12.0,0.0,0.0,0.0,0.0,0.0,38.0,18.0,0.0,0.0,0.0,17.0,0.0,0.0,29.0,0.0,0.0,19.0,0.0,0.0,0.0,0.0,0.0,4.0,0.0,0.0,0.0,12.0,0.0,17.0,22.0,0.0,33.0,0.0,0.0,0.0,0.0,0.0,0.0,0.0,32.0,0.0,0.0,0.0,0.0,0.0,0.0,49.0,0.0,30.0,0.0,0.0,2.0,0.0,57.0,0.0,0.0,0.0,0.0,0.0,6.0,0.0,0.0,0.0,0.0,0.0,0.0,39.0,46.0,0.0,0.0,0.0,0.0,0.0,32.0,0.0
65,9,11.0,0.0,29.0,7.0,0.0,0.0,0.0,0.0,0.0,0.0,0.0,0.0,55.0,46.0,0.0,31.0,0.0,0.0,0.0,0.0,0.0,37.0,0.0,0.0,11.0,0.0,0.0,0.0,0.0,0.0,39.0,16.0,0.0,0.0,0.0,19.0,0.0,0.0,29.0,0.0,0.0,19.0,0.0,0.0,0.0,0.0,0.0,4.0,0.0,0.0,0.0,11.0,0.0,17.0,23.0,0.0,34.0,0.0,0.0,0.0,0.0,0.0,0.0,0.0,31.0,0.0,0.0,0.0,0.0,0.0,0.0,49.0,0.0,30.0,0.0,0.0,2.0,0.0,56.0,0.0,0.0,0.0,0.0,0.0,6.0,0.0,0.0,0.0,0.0,0.0,0.0,39.0,45.0,0.0,0.0,0.0,0.0,0.0,33.0,0.0
66,2,12.0,0.0,28.0,7.0,0.0,0.0,0.0,0.0,0.0,0.0,0.0,0.0,56.0,44.0,0.0,31.0,0.0,0.0,0.0,0.0,0.0,37.0,0.0,0.0,12.0,0.0,0.0,0.0,0.0,0.0,38.0,16.0,0.0,0.0,0.0,18.0,0.0,0.0,30.0,0.0,0.0,18.0,0.0,0.0,0.0,0.0,0.0,3.0,0.0,0.0,0.0,11.0,0.0,18.0,22.0,0.0,33.0,0.0,0.0,0.0,0.0,0.0,0.0,0.0,31.0,0.0,0.0,0.0,0.0,0.0,0.0,48.0,0.0,29.0,0.0,0.0,2.0,0.0,56.0,0.0,0.0,0.0,0.0,0.0,6.0,0.0,0.0,0.0,0.0,0.0,0.0,39.0,46.0,0.0,0.0,0.0,0.0,0.0,30.0,0.0
67,2,12.0,0.0,29.0,7.0,0.0,0.0,0.0,0.0,0.0,0.0,0.0,0.0,56.0,45.0,0.0,30.0,0.0,0.0,0.0,0.0,0.0,37.0,0.0,0.0,12.0,0.0,0.0,0.0,0.0,0.0,38.0,17.0,0.0,0.0,0.0,18.0,0.0,0.0,29.0,0.0,0.0,19.0,0.0,0.0,0.0,0.0,0.0,4.0,0.0,0.0,0.0,11.0,0.0,17.0,23.0,0.0,34.0,0.0,0.0,0.0,0.0,0.0,0.0,0.0,32.0,0.0,0.0,0.0,0.0,0.0,0.0,49.0,0.0,31.0,0.0,0.0,2.0,0.0,58.0,0.0,0.0,0.0,0.0,0.0,6.0,0.0,0.0,0.0,0.0,0.0,0.0,40.0,47.0,0.0,0.0,0.0,0.0,0.0,31.0,0.0
68,3,12.0,0.0,30.0,8.0,0.0,0.0,0.0,0.0,0.0,0.0,0.0,0.0,55.0,45.0,0.0,31.0,0.0,0.0,0.0,0.0,0.0,39.0,0.0,0.0,12.0,0.0,0.0,0.0,0.0,0.0,37.0,17.0,0.0,0.0,0.0,18.0,0.0,0.0,30.0,0.0,0.0,18.0,0.0,0.0,0.0,0.0,0.0,3.0,0.0,0.0,0.0,12.0,0.0,17.0,22.0,0.0,34.0,0.0,0.0,0.0,0.0,0.0,0.0,0.0,30.0,0.0,0.0,0.0,0.0,0.0,0.0,49.0,0.0,30.0,0.0,0.0,2.0,0.0,55.0,0.0,0.0,0.0,0.0,0.0,6.0,0.0,0.0,0.0,0.0,0.0,0.0,39.0,46.0,0.0,0.0,0.0,0.0,0.0,31.0,0.0
69,2,13.0,0.0,29.0,8.0,0.0,0.0,0.0,0.0,0.0,0.0,0.0,0.0,56.0,45.0,0.0,31.0,0.0,0.0,0.0,0.0,0.0,38.0,0.0,0.0,12.0,0.0,0.0,0.0,0.0,0.0,37.0,19.0,0.0,0.0,0.0,19.0,0.0,0.0,29.0,0.0,0.0,18.0,0.0,0.0,0.0,0.0,0.0,4.0,0.0,0.0,0.0,11.0,0.0,17.0,22.0,0.0,35.0,0.0,0.0,0.0,0.0,0.0,0.0,0.0,32.0,0.0,0.0,0.0,0.0,0.0,0.0,49.0,0.0,30.0,0.0,0.0,3.0,0.0,57.0,0.0,0.0,0.0,0.0,0.0,6.0,0.0,0.0,0.0,0.0,0.0,0.0,39.0,48.0,0.0,0.0,0.0,0.0,0.0,31.0,0.0
70,7,12.0,0.0,29.0,8.0,0.0,0.0,0.0,0.0,0.0,0.0,0.0,0.0,58.0,46.0,0.0,32.0,0.0,0.0,0.0,0.0,0.0,37.0,0.0,0.0,12.0,0.0,0.0,0.0,0.0,0.0,37.0,17.0,0.0,0.0,0.0,18.0,0.0,0.0,29.0,0.0,0.0,18.0,0.0,0.0,0.0,0.0,0.0,3.0,0.0,0.0,0.0,11.0,0.0,17.0,21.0,0.0,34.0,0.0,0.0,0.0,0.0,0.0,0.0,0.0,32.0,0.0,0.0,0.0,0.0,0.0,0.0,48.0,0.0,30.0,0.0,0.0,3.0,0.0,56.0,0.0,0.0,0.0,0.0,0.0,6.0,0.0,0.0,0.0,0.0,0.0,0.0,39.0,48.0,0.0,0.0,0.0,0.0,0.0,31.0,0.0
71,1,11.0,0.0,28.0,8.0,0.0,0.0,0.0,0.0,0.0,0.0,0.0,0.0,55.0,45.0,0.0,30.0,0.0,0.0,0.0,0.0,0.0,38.0,0.0,0.0,12.0,0.0,0.0,0.0,0.0,0.0,37.0,16.0,0.0,0.0,0.0,18.0,0.0,0.0,29.0,0.0,0.0,18.0,0.0,0.0,0.0,0.0,0.0,3.0,0.0,0.0,0.0,11.0,0.0,18.0,22.0,0.0,34.0,0.0,0.0,0.0,0.0,0.0,0.0,0.0,31.0,0.0,0.0,0.0,0.0,0.0,0.0,48.0,0.0,30.0,0.0,0.0,1.0,0.0,55.0,0.0,0.0,0.0,0.0,0.0,6.0,0.0,0.0,0.0,0.0,0.0,0.0,38.0,45.0,0.0,0.0,0.0,0.0,0.0,31.0,0.0
72,5,11.0,0.0,28.0,7.0,0.0,0.0,0.0,0.0,0.0,0.0,0.0,0.0,55.0,44.0,0.0,31.0,0.0,0.0,0.0,0.0,0.0,38.0,0.0,0.0,13.0,0.0,0.0,0.0,0.0,0.0,37.0,17.0,0.0,0.0,0.0,19.0,0.0,0.0,29.0,0.0,0.0,18.0,0.0,0.0,0.0,0.0,0.0,4.0,0.0,0.0,0.0,11.0,0.0,18.0,22.0,0.0,34.0,0.0,0.0,0.0,0.0,0.0,0.0,0.0,31.0,0.0,0.0,0.0,0.0,0.0,0.0,49.0,0.0,31.0,0.0,0.0,2.0,0.0,56.0,0.0,0.0,0.0,0.0,0.0,6.0,0.0,0.0,0.0,0.0,0.0,0.0,39.0,48.0,0.0,0.0,0.0,0.0,0.0,31.0,0.0
73,1,11.0,0.0,27.0,7.0,0.0,0.0,0.0,0.0,0.0,0.0,0.0,0.0,56.0,45.0,0.0,30.0,0.0,0.0,0.0,0.0,0.0,37.0,0.0,0.0,13.0,0.0,0.0,0.0,0.0,0.0,35.0,17.0,0.0,0.0,0.0,18.0,0.0,0.0,30.0,0.0,0.0,18.0,0.0,0.0,0.0,0.0,0.0,3.0,0.0,0.0,0.0,11.0,0.0,18.0,21.0,0.0,33.0,0.0,0.0,0.0,0.0,0.0,0.0,0.0,31.0,0.0,0.0,0.0,0.0,0.0,0.0,48.0,0.0,30.0,0.0,0.0,1.0,0.0,56.0,0.0,0.0,0.0,0.0,0.0,6.0,0.0,0.0,0.0,0.0,0.0,0.0,39.0,46.0,0.0,0.0,0.0,0.0,0.0,31.0,0.0
74,4,13.0,0.0,28.0,7.0,0.0,0.0,0.0,0.0,0.0,0.0,0.0,0.0,56.0,46.0,0.0,33.0,0.0,0.0,0.0,0.0,0.0,39.0,0.0,0.0,13.0,0.0,0.0,0.0,0.0,0.0,37.0,17.0,0.0,0.0,0.0,18.0,0.0,0.0,29.0,0.0,0.0,19.0,0.0,0.0,0.0,0.0,0.0,3.0,0.0,0.0,0.0,12.0,0.0,17.0,23.0,0.0,34.0,0.0,0.0,0.0,0.0,0.0,0.0,0.0,31.0,0.0,0.0,0.0,0.0,0.0,0.0,50.0,0.0,32.0,0.0,0.0,2.0,0.0,57.0,0.0,0.0,0.0,0.0,0.0,5.0,0.0,0.0,0.0,0.0,0.0,0.0,38.0,46.0,0.0,0.0,0.0,0.0,0.0,31.0,0.0
75,7,11.0,0.0,27.0,6.0,0.0,0.0,0.0,0.0,0.0,0.0,0.0,0.0,54.0,44.0,0.0,32.0,0.0,0.0,0.0,0.0,0.0,36.0,0.0,0.0,12.0,0.0,0.0,0.0,0.0,0.0,37.0,17.0,0.0,0.0,0.0,19.0,0.0,0.0,29.0,0.0,0.0,18.0,0.0,0.0,0.0,0.0,0.0,3.0,0.0,0.0,0.0,11.0,0.0,18.0,23.0,0.0,33.0,0.0,0.0,0.0,0.0,0.0,0.0,0.0,31.0,0.0,0.0,0.0,0.0,0.0,0.0,50.0,0.0,30.0,0.0,0.0,2.0,0.0,55.0,0.0,0.0,0.0,0.0,0.0,6.0,0.0,0.0,0.0,0.0,0.0,0.0,39.0,47.0,0.0,0.0,0.0,0.0,0.0,32.0,0.0
76,2,12.0,0.0,28.0,7.0,0.0,0.0,0.0,0.0,0.0,0.0,0.0,0.0,56.0,46.0,0.0,31.0,0.0,0.0,0.0,0.0,0.0,37.0,0.0,0.0,12.0,0.0,0.0,0.0,0.0,0.0,38.0,17.0,0.0,0.0,0.0,19.0,0.0,0.0,29.0,0.0,0.0,18.0,0.0,0.0,0.0,0.0,0.0,3.0,0.0,0.0,0.0,11.0,0.0,18.0,21.0,0.0,33.0,0.0,0.0,0.0,0.0,0.0,0.0,0.0,31.0,0.0,0.0,0.0,0.0,0.0,0.0,48.0,0.0,30.0,0.0,0.0,2.0,0.0,57.0,0.0,0.0,0.0,0.0,0.0,6.0,0.0,0.0,0.0,0.0,0.0,0.0,38.0,47.0,0.0,0.0,0.0,0.0,0.0,30.0,0.0
77,6,12.0,0.0,28.0,8.0,0.0,0.0,0.0,0.0,0.0,0.0,0.0,0.0,56.0,45.0,0.0,31.0,0.0,0.0,0.0,0.0,0.0,37.0,0.0,0.0,13.0,0.0,0.0,0.0,0.0,0.0,37.0,17.0,0.0,0.0,0.0,18.0,0.0,0.0,29.0,0.0,0.0,18.0,0.0,0.0,0.0,0.0,0.0,4.0,0.0,0.0,0.0,11.0,0.0,18.0,22.0,0.0,33.0,0.0,0.0,0.0,0.0,0.0,0.0,0.0,32.0,0.0,0.0,0.0,0.0,0.0,0.0,49.0,0.0,30.0,0.0,0.0,2.0,0.0,57.0,0.0,0.0,0.0,0.0,0.0,6.0,0.0,0.0,0.0,0.0,0.0,0.0,38.0,46.0,0.0,0.0,0.0,0.0,0.0,31.0,0.0
78,0,12.0,0.0,29.0,7.0,0.0,0.0,0.0,0.0,0.0,0.0,0.0,0.0,56.0,46.0,0.0,32.0,0.0,0.0,0.0,0.0,0.0,37.0,0.0,0.0,13.0,0.0,0.0,0.0,0.0,0.0,38.0,17.0,0.0,0.0,0.0,18.0,0.0,0.0,30.0,0.0,0.0,18.0,0.0,0.0,0.0,0.0,0.0,4.0,0.0,0.0,0.0,11.0,0.0,17.0,23.0,0.0,34.0,0.0,0.0,0.0,0.0,0.0,0.0,0.0,32.0,0.0,0.0,0.0,0.0,0.0,0.0,50.0,0.0,31.0,0.0,0.0,2.0,0.0,57.0,0.0,0.0,0.0,0.0,0.0,5.0,0.0,0.0,0.0,0.0,0.0,0.0,40.0,48.0,0.0,0.0,0.0,0.0,0.0,32.0,0.0
79,9,11.0,0.0,28.0,7.0,0.0,0.0,0.0,0.0,0.0,0.0,0.0,0.0,56.0,44.0,0.0,31.0,0.0,0.0,0.0,0.0,0.0,37.0,0.0,0.0,12.0,0.0,0.0,0.0,0.0,0.0,38.0,17.0,0.0,0.0,0.0,18.0,0.0,0.0,29.0,0.0,0.0,18.0,0.0,0.0,0.0,0.0,0.0,3.0,0.0,0.0,0.0,11.0,0.0,18.0,22.0,0.0,34.0,0.0,0.0,0.0,0.0,0.0,0.0,0.0,32.0,0.0,0.0,0.0,0.0,0.0,0.0,49.0,0.0,30.0,0.0,0.0,2.0,0.0,56.0,0.0,0.0,0.0,0.0,0.0,6.0,0.0,0.0,0.0,0.0,0.0,0.0,39.0,47.0,0.0,0.0,0.0,0.0,0.0,31.0,0.0
80,3,12.0,0.0,28.0,8.0,0.0,0.0,0.0,0.0,0.0,0.0,0.0,0.0,58.0,45.0,0.0,32.0,0.0,0.0,0.0,0.0,0.0,38.0,0.0,0.0,13.0,0.0,0.0,0.0,0.0,0.0,36.0,17.0,0.0,0.0,0.0,19.0,0.0,0.0,29.0,0.0,0.0,18.0,0.0,0.0,0.0,0.0,0.0,3.0,0.0,0.0,0.0,12.0,0.0,17.0,22.0,0.0,34.0,0.0,0.0,0.0,0.0,0.0,0.0,0.0,32.0,0.0,0.0,0.0,0.0,0.0,0.0,48.0,0.0,30.0,0.0,0.0,2.0,0.0,57.0,0.0,0.0,0.0,0.0,0.0,6.0,0.0,0.0,0.0,0.0,0.0,0.0,39.0,46.0,0.0,0.0,0.0,0.0,0.0,31.0,0.0
81,9,11.0,0.0,28.0,7.0,0.0,0.0,0.0,0.0,0.0,0.0,0.0,0.0,53.0,46.0,0.0,31.0,0.0,0.0,0.0,0.0,0.0,38.0,0.0,0.0,12.0,0.0,0.0,0.0,0.0,0.0,38.0,17.0,0.0,0.0,0.0,19.0,0.0,0.0,29.0,0.0,0.0,18.0,0.0,0.0,0.0,0.0,0.0,4.0,0.0,0.0,0.0,10.0,0.0,18.0,22.0,0.0,35.0,0.0,0.0,0.0,0.0,0.0,0.0,0.0,31.0,0.0,0.0,0.0,0.0,0.0,0.0,50.0,0.0,30.0,0.0,0.0,1.0,0.0,56.0,0.0,0.0,0.0,0.0,0.0,6.0,0.0,0.0,0.0,0.0,0.0,0.0,38.0,47.0,0.0,0.0,0.0,0.0,0.0,30.0,0.0
82,1,12.0,0.0,29.0,7.0,0.0,0.0,0.0,0.0,0.0,0.0,0.0,0.0,55.0,45.0,0.0,31.0,0.0,0.0,0.0,0.0,0.0,37.0,0.0,0.0,12.0,0.0,0.0,0.0,0.0,0.0,37.0,17.0,0.0,0.0,0.0,18.0,0.0,0.0,29.0,0.0,0.0,19.0,0.0,0.0,0.0,0.0,0.0,3.0,0.0,0.0,0.0,11.0,0.0,18.0,22.0,0.0,34.0,0.0,0.0,0.0,0.0,0.0,0.0,0.0,31.0,0.0,0.0,0.0,0.0,0.0,0.0,49.0,0.0,30.0,0.0,0.0,2.0,0.0,55.0,0.0,0.0,0.0,0.0,0.0,6.0,0.0,0.0,0.0,0.0,0.0,0.0,39.0,44.0,0.0,0.0,0.0,0.0,0.0,31.0,0.0
83,6,13.0,0.0,28.0,7.0,0.0,0.0,0.0,0.0,0.0,0.0,0.0,0.0,56.0,46.0,0.0,31.0,0.0,0.0,0.0,0.0,0.0,38.0,0.0,0.0,12.0,0.0,0.0,0.0,0.0,0.0,38.0,17.0,0.0,0.0,0.0,18.0,0.0,0.0,29.0,0.0,0.0,19.0,0.0,0.0,0.0,0.0,0.0,4.0,0.0,0.0,0.0,11.0,0.0,18.0,23.0,0.0,35.0,0.0,0.0,0.0,0.0,0.0,0.0,0.0,31.0,0.0,0.0,0.0,0.0,0.0,0.0,50.0,0.0,32.0,0.0,0.0,3.0,0.0,58.0,0.0,0.0,0.0,0.0,0.0,7.0,0.0,0.0,0.0,0.0,0.0,0.0,39.0,47.0,0.0,0.0,0.0,0.0,0.0,31.0,0.0
84,3,12.0,0.0,29.0,7.0,0.0,0.0,0.0,0.0,0.0,0.0,0.0,0.0,54.0,44.0,0.0,32.0,0.0,0.0,0.0,0.0,0.0,38.0,0.0,0.0,13.0,0.0,0.0,0.0,0.0,0.0,37.0,17.0,0.0,0.0,0.0,18.0,0.0,0.0,29.0,0.0,0.0,18.0,0.0,0.0,0.0,0.0,0.0,3.0,0.0,0.0,0.0,11.0,0.0,18.0,22.0,0.0,35.0,0.0,0.0,0.0,0.0,0.0,0.0,0.0,32.0,0.0,0.0,0.0,0.0,0.0,0.0,49.0,0.0,30.0,0.0,0.0,2.0,0.0,57.0,0.0,0.0,0.0,0.0,0.0,6.0,0.0,0.0,0.0,0.0,0.0,0.0,39.0,47.0,0.0,0.0,0.0,0.0,0.0,31.0,0.0
85,1,12.0,0.0,28.0,8.0,0.0,0.0,0.0,0.0,0.0,0.0,0.0,0.0,56.0,45.0,0.0,31.0,0.0,0.0,0.0,0.0,0.0,38.0,0.0,0.0,12.0,0.0,0.0,0.0,0.0,0.0,36.0,17.0,0.0,0.0,0.0,19.0,0.0,0.0,29.0,0.0,0.0,18.0,0.0,0.0,0.0,0.0,0.0,3.0,0.0,0.0,0.0,11.0,0.0,18.0,22.0,0.0,33.0,0.0,0.0,0.0,0.0,0.0,0.0,0.0,32.0,0.0,0.0,0.0,0.0,0.0,0.0,49.0,0.0,31.0,0.0,0.0,2.0,0.0,56.0,0.0,0.0,0.0,0.0,0.0,6.0,0.0,0.0,0.0,0.0,0.0,0.0,39.0,47.0,0.0,0.0,0.0,0.0,0.0,30.0,0.0
86,9,10.0,0.0,28.0,7.0,0.0,0.0,0.0,0.0,0.0,0.0,0.0,0.0,56.0,45.0,0.0,32.0,0.0,0.0,0.0,0.0,0.0,38.0,0.0,0.0,13.0,0.0,0.0,0.0,0.0,0.0,37.0,18.0,0.0,0.0,0.0,17.0,0.0,0.0,29.0,0.0,0.0,17.0,0.0,0.0,0.0,0.0,0.0,3.0,0.0,0.0,0.0,11.0,0.0,18.0,22.0,0.0,34.0,0.0,0.0,0.0,0.0,0.0,0.0,0.0,32.0,0.0,0.0,0.0,0.0,0.0,0.0,49.0,0.0,31.0,0.0,0.0,2.0,0.0,56.0,0.0,0.0,0.0,0.0,0.0,5.0,0.0,0.0,0.0,0.0,0.0,0.0,39.0,47.0,0.0,0.0,0.0,0.0,0.0,31.0,0.0
87,3,11.0,0.0,28.0,8.0,0.0,0.0,0.0,0.0,0.0,0.0,0.0,0.0,55.0,44.0,0.0,31.0,0.0,0.0,0.0,0.0,0.0,37.0,0.0,0.0,12.0,0.0,0.0,0.0,0.0,0.0,38.0,17.0,0.0,0.0,0.0,18.0,0.0,0.0,29.0,0.0,0.0,18.0,0.0,0.0,0.0,0.0,0.0,4.0,0.0,0.0,0.0,11.0,0.0,18.0,22.0,0.0,32.0,0.0,0.0,0.0,0.0,0.0,0.0,0.0,31.0,0.0,0.0,0.0,0.0,0.0,0.0,49.0,0.0,29.0,0.0,0.0,1.0,0.0,56.0,0.0,0.0,0.0,0.0,0.0,6.0,0.0,0.0,0.0,0.0,0.0,0.0,39.0,47.0,0.0,0.0,0.0,0.0,0.0,29.0,0.0
88,1,11.0,0.0,28.0,8.0,0.0,0.0,0.0,0.0,0.0,0.0,0.0,0.0,55.0,45.0,0.0,32.0,0.0,0.0,0.0,0.0,0.0,37.0,0.0,0.0,11.0,0.0,0.0,0.0,0.0,0.0,36.0,17.0,0.0,0.0,0.0,17.0,0.0,0.0,30.0,0.0,0.0,18.0,0.0,0.0,0.0,0.0,0.0,3.0,0.0,0.0,0.0,11.0,0.0,18.0,22.0,0.0,33.0,0.0,0.0,0.0,0.0,0.0,0.0,0.0,31.0,0.0,0.0,0.0,0.0,0.0,0.0,47.0,0.0,31.0,0.0,0.0,2.0,0.0,56.0,0.0,0.0,0.0,0.0,0.0,6.0,0.0,0.0,0.0,0.0,0.0,0.0,38.0,45.0,0.0,0.0,0.0,0.0,0.0,30.0,0.0
89,6,12.0,0.0,29.0,7.0,0.0,0.0,0.0,0.0,0.0,0.0,0.0,0.0,56.0,44.0,0.0,31.0,0.0,0.0,0.0,0.0,0.0,38.0,0.0,0.0,13.0,0.0,0.0,0.0,0.0,0.0,38.0,17.0,0.0,0.0,0.0,18.0,0.0,0.0,30.0,0.0,0.0,18.0,0.0,0.0,0.0,0.0,0.0,4.0,0.0,0.0,0.0,12.0,0.0,18.0,22.0,0.0,34.0,0.0,0.0,0.0,0.0,0.0,0.0,0.0,32.0,0.0,0.0,0.0,0.0,0.0,0.0,50.0,0.0,30.0,0.0,0.0,3.0,0.0,56.0,0.0,0.0,0.0,0.0,0.0,6.0,0.0,0.0,0.0,0.0,0.0,0.0,40.0,46.0,0.0,0.0,0.0,0.0,0.0,31.0,0.0
90,4,12.0,0.0,30.0,7.0,0.0,0.0,0.0,0.0,0.0,0.0,0.0,0.0,57.0,45.0,0.0,33.0,0.0,0.0,0.0,0.0,0.0,37.0,0.0,0.0,12.0,0.0,0.0,0.0,0.0,0.0,37.0,17.0,0.0,0.0,0.0,19.0,0.0,0.0,29.0,0.0,0.0,18.0,0.0,0.0,0.0,0.0,0.0,4.0,0.0,0.0,0.0,11.0,0.0,16.0,22.0,0.0,35.0,0.0,0.0,0.0,0.0,0.0,0.0,0.0,32.0,0.0,0.0,0.0,0.0,0.0,0.0,48.0,0.0,31.0,0.0,0.0,2.0,0.0,58.0,0.0,0.0,0.0,0.0,0.0,6.0,0.0,0.0,0.0,0.0,0.0,0.0,40.0,45.0,0.0,0.0,0.0,0.0,0.0,32.0,0.0
91,8,11.0,0.0,29.0,7.0,0.0,0.0,0.0,0.0,0.0,0.0,0.0,0.0,56.0,45.0,0.0,31.0,0.0,0.0,0.0,0.0,0.0,36.0,0.0,0.0,12.0,0.0,0.0,0.0,0.0,0.0,36.0,17.0,0.0,0.0,0.0,18.0,0.0,0.0,29.0,0.0,0.0,18.0,0.0,0.0,0.0,0.0,0.0,3.0,0.0,0.0,0.0,11.0,0.0,17.0,22.0,0.0,32.0,0.0,0.0,0.0,0.0,0.0,0.0,0.0,31.0,0.0,0.0,0.0,0.0,0.0,0.0,49.0,0.0,30.0,0.0,0.0,3.0,0.0,56.0,0.0,0.0,0.0,0.0,0.0,5.0,0.0,0.0,0.0,0.0,0.0,0.0,38.0,47.0,0.0,0.0,0.0,0.0,0.0,31.0,0.0
92,7,12.0,0.0,28.0,7.0,0.0,0.0,0.0,0.0,0.0,0.0,0.0,0.0,55.0,45.0,0.0,32.0,0.0,0.0,0.0,0.0,0.0,39.0,0.0,0.0,12.0,0.0,0.0,0.0,0.0,0.0,37.0,17.0,0.0,0.0,0.0,18.0,0.0,0.0,29.0,0.0,0.0,19.0,0.0,0.0,0.0,0.0,0.0,4.0,0.0,0.0,0.0,11.0,0.0,18.0,22.0,0.0,35.0,0.0,0.0,0.0,0.0,0.0,0.0,0.0,32.0,0.0,0.0,0.0,0.0,0.0,0.0,49.0,0.0,31.0,0.0,0.0,2.0,0.0,56.0,0.0,0.0,0.0,0.0,0.0,6.0,0.0,0.0,0.0,0.0,0.0,0.0,39.0,45.0,0.0,0.0,0.0,0.0,0.0,32.0,0.0
93,9,12.0,0.0,28.0,7.0,0.0,0.0,0.0,0.0,0.0,0.0,0.0,0.0,56.0,45.0,0.0,32.0,0.0,0.0,0.0,0.0,0.0,38.0,0.0,0.0,12.0,0.0,0.0,0.0,0.0,0.0,36.0,17.0,0.0,0.0,0.0,18.0,0.0,0.0,29.0,0.0,0.0,19.0,0.0,0.0,0.0,0.0,0.0,3.0,0.0,0.0,0.0,11.0,0.0,18.0,21.0,0.0,34.0,0.0,0.0,0.0,0.0,0.0,0.0,0.0,31.0,0.0,0.0,0.0,0.0,0.0,0.0,48.0,0.0,30.0,0.0,0.0,1.0,0.0,55.0,0.0,0.0,0.0,0.0,0.0,6.0,0.0,0.0,0.0,0.0,0.0,0.0,38.0,46.0,0.0,0.0,0.0,0.0,0.0,30.0,0.0
94,5,12.0,0.0,28.0,7.0,0.0,0.0,0.0,0.0,0.0,0.0,0.0,0.0,56.0,46.0,0.0,32.0,0.0,0.0,0.0,0.0,0.0,38.0,0.0,0.0,12.0,0.0,0.0,0.0,0.0,0.0,37.0,17.0,0.0,0.0,0.0,18.0,0.0,0.0,28.0,0.0,0.0,18.0,0.0,0.0,0.0,0.0,0.0,3.0,0.0,0.0,0.0,11.0,0.0,18.0,21.0,0.0,34.0,0.0,0.0,0.0,0.0,0.0,0.0,0.0,32.0,0.0,0.0,0.0,0.0,0.0,0.0,49.0,0.0,31.0,0.0,0.0,2.0,0.0,56.0,0.0,0.0,0.0,0.0,0.0,6.0,0.0,0.0,0.0,0.0,0.0,0.0,39.0,47.0,0.0,0.0,0.0,0.0,0.0,30.0,0.0
95,1,11.0,0.0,28.0,7.0,0.0,0.0,0.0,0.0,0.0,0.0,0.0,0.0,55.0,44.0,0.0,30.0,0.0,0.0,0.0,0.0,0.0,37.0,0.0,0.0,13.0,0.0,0.0,0.0,0.0,0.0,37.0,17.0,0.0,0.0,0.0,18.0,0.0,0.0,28.0,0.0,0.0,18.0,0.0,0.0,0.0,0.0,0.0,4.0,0.0,0.0,0.0,10.0,0.0,18.0,21.0,0.0,34.0,0.0,0.0,0.0,0.0,0.0,0.0,0.0,31.0,0.0,0.0,0.0,0.0,0.0,0.0,49.0,0.0,29.0,0.0,0.0,2.0,0.0,57.0,0.0,0.0,0.0,0.0,0.0,6.0,0.0,0.0,0.0,0.0,0.0,0.0,40.0,46.0,0.0,0.0,0.0,0.0,0.0,30.0,0.0
96,3,11.0,0.0,28.0,8.0,0.0,0.0,0.0,0.0,0.0,0.0,0.0,0.0,56.0,46.0,0.0,30.0,0.0,0.0,0.0,0.0,0.0,37.0,0.0,0.0,12.0,0.0,0.0,0.0,0.0,0.0,37.0,17.0,0.0,0.0,0.0,18.0,0.0,0.0,29.0,0.0,0.0,19.0,0.0,0.0,0.0,0.0,0.0,3.0,0.0,0.0,0.0,11.0,0.0,18.0,22.0,0.0,33.0,0.0,0.0,0.0,0.0,0.0,0.0,0.0,31.0,0.0,0.0,0.0,0.0,0.0,0.0,49.0,0.0,30.0,0.0,0.0,2.0,0.0,55.0,0.0,0.0,0.0,0.0,0.0,6.0,0.0,0.0,0.0,0.0,0.0,0.0,39.0,47.0,0.0,0.0,0.0,0.0,0.0,30.0,0.0
97,3,12.0,0.0,28.0,7.0,0.0,0.0,0.0,0.0,0.0,0.0,0.0,0.0,55.0,44.0,0.0,31.0,0.0,0.0,0.0,0.0,0.0,38.0,0.0,0.0,12.0,0.0,0.0,0.0,0.0,0.0,36.0,18.0,0.0,0.0,0.0,18.0,0.0,0.0,29.0,0.0,0.0,18.0,0.0,0.0,0.0,0.0,0.0,3.0,0.0,0.0,0.0,11.0,0.0,18.0,22.0,0.0,34.0,0.0,0.0,0.0,0.0,0.0,0.0,0.0,31.0,0.0,0.0,0.0,0.0,0.0,0.0,49.0,0.0,31.0,0.0,0.0,2.0,0.0,56.0,0.0,0.0,0.0,0.0,0.0,6.0,0.0,0.0,0.0,0.0,0.0,0.0,38.0,46.0,0.0,0.0,0.0,0.0,0.0,31.0,0.0
98,7,12.0,0.0,28.0,7.0,0.0,0.0,0.0,0.0,0.0,0.0,0.0,0.0,55.0,45.0,0.0,31.0,0.0,0.0,0.0,0.0,0.0,37.0,0.0,0.0,11.0,0.0,0.0,0.0,0.0,0.0,37.0,16.0,0.0,0.0,0.0,18.0,0.0,0.0,29.0,0.0,0.0,18.0,0.0,0.0,0.0,0.0,0.0,3.0,0.0,0.0,0.0,10.0,0.0,17.0,22.0,0.0,35.0,0.0,0.0,0.0,0.0,0.0,0.0,0.0,31.0,0.0,0.0,0.0,0.0,0.0,0.0,49.0,0.0,31.0,0.0,0.0,2.0,0.0,55.0,0.0,0.0,0.0,0.0,0.0,5.0,0.0,0.0,0.0,0.0,0.0,0.0,39.0,47.0,0.0,0.0,0.0,0.0,0.0,31.0,0.0
99,0,12.0,0.0,28.0,8.0,0.0,0.0,0.0,0.0,0.0,0.0,0.0,0.0,56.0,46.0,0.0,32.0,0.0,0.0,0.0,0.0,0.0,37.0,0.0,0.0,12.0,0.0,0.0,0.0,0.0,0.0,38.0,17.0,0.0,0.0,0.0,18.0,0.0,0.0,29.0,0.0,0.0,19.0,0.0,0.0,0.0,0.0,0.0,3.0,0.0,0.0,0.0,11.0,0.0,18.0,22.0,0.0,35.0,0.0,0.0,0.0,0.0,0.0,0.0,0.0,31.0,0.0,0.0,0.0,0.0,0.0,0.0,51.0,0.0,31.0,0.0,0.0,2.0,0.0,55.0,0.0,0.0,0.0,0.0,0.0,5.0,0.0,0.0,0.0,0.0,0.0,0.0,38.0,48.0,0.0,0.0,0.0,0.0,0.0,31.0,0.0
