,Labels,0,1,2,3,4,5,6,7,8,9,10,11,12,13,14,15,16,17,18,19,20,21,22,23,24,25,26,27,28,29,30,31,32,33,34,35,36,37,38,39,40,41,42,43,44,45,46,47,48,49,50,51,52,53,54,55,56,57,58,59,60,61,62,63,64,65,66,67,68,69,70,71,72,73,74,75,76,77,78,79,80,81,82,83,84,85,86,87,88,89,90,91,92,93,94,95,96,97,98,99
0,6,0.16,0.0,0.065,0.0,0.0,0.0,0.0,0.0,0.0,0.0,0.0,0.0,0.225,0.265,0.0,0.085,0.0,0.0,0.0,0.0,0.0,0.235,0.0,0.0,0.02,0.0,0.0,0.0,0.0,0.0,0.22,0.13,0.0,0.0,0.0,0.065,0.0,0.0,0.155,0.0,0.0,0.24,0.0,0.0,0.0,0.0,0.0,0.0,0.0,0.0,0.0,0.0,0.0,0.005,0.035,0.0,0.0,0.0,0.0,0.0,0.0,0.0,0.0,0.0,0.12,0.0,0.0,0.0,0.08,0.0,0.0,0.28,0.03,0.275,0.0,0.0,0.07,0.0,0.22999999,0.0,0.0,0.0,0.0,0.0,0.0,0.0,0.0,0.0,0.0,0.0,0.0,0.17,0.26999998,0.0,0.0,0.0,0.0,0.11,0.125,0.0
1,5,0.155,0.0,0.06,0.0,0.0,0.0,0.0,0.0,0.0,0.0,0.0,0.0,0.225,0.26,0.0,0.085,0.0,0.0,0.0,0.0,0.0,0.24,0.0,0.0,0.02,0.0,0.0,0.0,0.0,0.0,0.225,0.125,0.0,0.0,0.0,0.065,0.0,0.0,0.155,0.0,0.0,0.22999999,0.0,0.0,0.0,0.0,0.0,0.0,0.0,0.0,0.0,0.0,0.0,0.0,0.035,0.0,0.0,0.0,0.0,0.0,0.0,0.0,0.0,0.0,0.125,0.0,0.0,0.0,0.08,0.0,0.0,0.275,0.024999999,0.265,0.0,0.0,0.065,0.0,0.235,0.0,0.0,0.0,0.0,0.0,0.0,0.0,0.0,0.0,0.0,0.0,0.0,0.17,0.26999998,0.0,0.0,0.0,0.0,0.11,0.125,0.0
2,7,0.155,0.0,0.06,0.0,0.0,0.0,0.0,0.0,0.0,0.0,0.0,0.0,0.225,0.255,0.0,0.089999996,0.0,0.0,0.0,0.0,0.0,0.24,0.0,0.0,0.02,0.0,0.0,0.0,0.0,0.0,0.22,0.13,0.0,0.0,0.0,0.065,0.0,0.0,0.14999999,0.0,0.0,0.22999999,0.0,0.0,0.0,0.0,0.0,0.0,0.0,0.0,0.0,0.0,0.0,0.0,0.035,0.0,0.0,0.0,0.0,0.0,0.0,0.0,0.0,0.0,0.125,0.0,0.0,0.0,0.08,0.0,0.0,0.275,0.03,0.26999998,0.0,0.0,0.07,0.0,0.225,0.0,0.0,0.0,0.0,0.0,0.0,0.0,0.0,0.0,0.0,0.0,0.0,0.17,0.265,0.0,0.0,0.0,0.0,0.11,0.125,0.0
3,3,0.16,0.0,0.065,0.0,0.0,0.0,0.0,0.0,0.0,0.0,0.0,0.0,0.22999999,0.26999998,0.0,0.085,0.0,0.0,0.0,0.0,0.0,0.22999999,0.0,0.0,0.02,0.0,0.0,0.0,0.0,0.0,0.22,0.13,0.0,0.0,0.0,0.065,0.0,0.0,0.155,0.0,0.0,0.22999999,0.0,0.0,0.0,0.0,0.0,0.0,0.0,0.0,0.0,0.0,0.0,0.0,0.04,0.0,0.0,0.0,0.0,0.0,0.0,0.0,0.0,0.0,0.125,0.0,0.0,0.0,0.08,0.0,0.0,0.275,0.024999999,0.26999998,0.0,0.0,0.074999996,0.0,0.225,0.0,0.0,0.0,0.0,0.0,0.0,0.0,0.0,0.0,0.0,0.0,0.0,0.175,0.28,0.0,0.0,0.0,0.0,0.114999995,0.125,0.0
4,7,0.155,0.0,0.065,0.0,0.0,0.0,0.0,0.0,0.0,0.0,0.0,0.0,0.225,0.265,0.0,0.085,0.0,0.0,0.0,0.0,0.0,0.225,0.0,0.0,0.02,0.0,0.0,0.0,0.0,0.0,0.22,0.13,0.0,0.0,0.0,0.065,0.0,0.0,0.145,0.0,0.0,0.24,0.0,0.0,0.0,0.0,0.0,0.0,0.0,0.0,0.0,0.0,0.0,0.0,0.04,0.0,0.0,0.0,0.0,0.0,0.0,0.0,0.0,0.0,0.114999995,0.0,0.0,0.0,0.085,0.0,0.0,0.275,0.024999999,0.275,0.0,0.0,0.07,0.0,0.22999999,0.0,0.0,0.0,0.0,0.0,0.0,0.0,0.0,0.0,0.0,0.0,0.0,0.175,0.26999998,0.0,0.0,0.0,0.0,0.105,0.125,0.0
5,4,0.155,0.0,0.065,0.0,0.0,0.0,0.0,0.0,0.0,0.0,0.0,0.0,0.22,0.255,0.0,0.085,0.0,0.0,0.0,0.0,0.0,0.22999999,0.0,0.0,0.02,0.0,0.0,0.0,0.0,0.0,0.225,0.13,0.0,0.0,0.0,0.07,0.0,0.0,0.155,0.0,0.0,0.22999999,0.0,0.0,0.0,0.0,0.0,0.0,0.0,0.0,0.0,0.0,0.0,0.0,0.04,0.0,0.0,0.0,0.0,0.0,0.0,0.0,0.0,0.0,0.12,0.0,0.0,0.0,0.08,0.0,0.0,0.29,0.03,0.26999998,0.0,0.0,0.074999996,0.0,0.22999999,0.0,0.0,0.0,0.0,0.0,0.0,0.0,0.0,0.0,0.0,0.0,0.0,0.175,0.26999998,0.0,0.0,0.0,0.0,0.11,0.13,0.0
6,1,0.155,0.0,0.06,0.0,0.0,0.0,0.0,0.0,0.0,0.0,0.0,0.0,0.22999999,0.26,0.0,0.085,0.0,0.0,0.0,0.0,0.0,0.235,0.0,0.0,0.015,0.0,0.0,0.0,0.0,0.0,0.21499999,0.125,0.0,0.0,0.0,0.065,0.0,0.0,0.14999999,0.0,0.0,0.24,0.0,0.0,0.0,0.0,0.0,0.0,0.0,0.0,0.0,0.0,0.0,0.005,0.035,0.0,0.0,0.0,0.0,0.0,0.0,0.0,0.0,0.0,0.12,0.0,0.0,0.0,0.08,0.0,0.0,0.275,0.03,0.265,0.0,0.0,0.07,0.0,0.22999999,0.0,0.0,0.0,0.0,0.0,0.0,0.0,0.0,0.0,0.0,0.0,0.0,0.17,0.265,0.0,0.0,0.0,0.0,0.105,0.12,0.0
7,0,0.16,0.0,0.065,0.0,0.0,0.0,0.0,0.0,0.0,0.0,0.0,0.0,0.235,0.26999998,0.0,0.085,0.0,0.0,0.0,0.0,0.0,0.235,0.0,0.0,0.02,0.0,0.0,0.0,0.0,0.0,0.225,0.13,0.0,0.0,0.0,0.065,0.0,0.0,0.14999999,0.0,0.0,0.24,0.0,0.0,0.0,0.0,0.0,0.0,0.0,0.0,0.0,0.0,0.0,0.0,0.04,0.0,0.0,0.0,0.0,0.0,0.0,0.0,0.0,0.0,0.125,0.0,0.0,0.0,0.08,0.0,0.0,0.275,0.03,0.275,0.0,0.0,0.07,0.0,0.235,0.0,0.0,0.0,0.0,0.0,0.0,0.0,0.0,0.0,0.0,0.0,0.0,0.17,0.26999998,0.0,0.0,0.0,0.0,0.11,0.125,0.0
8,7,0.16,0.0,0.06,0.0,0.0,0.0,0.0,0.0,0.0,0.0,0.0,0.0,0.225,0.26,0.0,0.085,0.0,0.0,0.0,0.0,0.0,0.235,0.0,0.0,0.02,0.0,0.0,0.0,0.0,0.0,0.22,0.13,0.0,0.0,0.0,0.065,0.0,0.0,0.145,0.0,0.0,0.235,0.0,0.0,0.0,0.0,0.0,0.0,0.0,0.0,0.0,0.0,0.0,0.0,0.035,0.0,0.0,0.0,0.0,0.0,0.0,0.0,0.0,0.0,0.125,0.0,0.0,0.0,0.08,0.0,0.0,0.275,0.024999999,0.26999998,0.0,0.0,0.07,0.0,0.22999999,0.0,0.0,0.0,0.0,0.0,0.0,0.0,0.0,0.0,0.0,0.0,0.0,0.175,0.28,0.0,0.0,0.0,0.0,0.105,0.125,0.0
9,3,0.14999999,0.0,0.065,0.0,0.0,0.0,0.0,0.0,0.0,0.0,0.0,0.0,0.225,0.26,0.0,0.085,0.0,0.0,0.0,0.0,0.0,0.235,0.0,0.0,0.024999999,0.0,0.0,0.0,0.0,0.0,0.22,0.13,0.0,0.0,0.0,0.065,0.0,0.0,0.14999999,0.0,0.0,0.22999999,0.0,0.0,0.0,0.0,0.0,0.0,0.0,0.0,0.0,0.0,0.0,0.0,0.04,0.0,0.0,0.0,0.0,0.0,0.0,0.0,0.0,0.0,0.125,0.0,0.0,0.0,0.085,0.0,0.0,0.275,0.024999999,0.26999998,0.0,0.0,0.074999996,0.0,0.22999999,0.0,0.0,0.0,0.0,0.0,0.0,0.0,0.0,0.0,0.0,0.0,0.0,0.17,0.26999998,0.0,0.0,0.0,0.0,0.11,0.125,0.0
10,4,0.14999999,0.0,0.065,0.0,0.0,0.0,0.0,0.0,0.0,0.0,0.0,0.0,0.22999999,0.265,0.0,0.089999996,0.0,0.0,0.0,0.0,0.0,0.235,0.0,0.0,0.015,0.0,0.0,0.0,0.0,0.0,0.22,0.13,0.0,0.0,0.0,0.065,0.0,0.0,0.14999999,0.0,0.0,0.235,0.0,0.0,0.0,0.0,0.0,0.0,0.0,0.0,0.0,0.0,0.0,0.005,0.035,0.0,0.0,0.0,0.0,0.0,0.0,0.0,0.0,0.0,0.12,0.0,0.0,0.0,0.08,0.0,0.0,0.28,0.03,0.275,0.0,0.0,0.065,0.0,0.235,0.0,0.0,0.0,0.0,0.0,0.0,0.0,0.0,0.0,0.0,0.0,0.0,0.175,0.275,0.0,0.0,0.0,0.0,0.11,0.13,0.0
11,2,0.16,0.0,0.06,0.0,0.0,0.0,0.0,0.0,0.0,0.0,0.0,0.0,0.22999999,0.26,0.0,0.085,0.0,0.0,0.0,0.0,0.0,0.24499999,0.0,0.0,0.015,0.0,0.0,0.0,0.0,0.0,0.22,0.13,0.0,0.0,0.0,0.065,0.0,0.0,0.14999999,0.0,0.0,0.235,0.0,0.0,0.0,0.0,0.0,0.0,0.0,0.0,0.0,0.0,0.0,0.0,0.04,0.0,0.0,0.0,0.0,0.0,0.0,0.0,0.0,0.0,0.12,0.0,0.0,0.0,0.08,0.0,0.0,0.275,0.024999999,0.265,0.0,0.0,0.07,0.0,0.22999999,0.0,0.0,0.0,0.0,0.0,0.0,0.0,0.0,0.0,0.0,0.0,0.0,0.17,0.26999998,0.0,0.0,0.0,0.0,0.11,0.125,0.0
12,1,0.16,0.0,0.06,0.0,0.0,0.0,0.0,0.0,0.0,0.0,0.0,0.0,0.225,0.26,0.0,0.085,0.0,0.0,0.0,0.0,0.0,0.235,0.0,0.0,0.02,0.0,0.0,0.0,0.0,0.0,0.21499999,0.125,0.0,0.0,0.0,0.065,0.0,0.0,0.14999999,0.0,0.0,0.22999999,0.0,0.0,0.0,0.0,0.0,0.0,0.0,0.0,0.0,0.0,0.0,0.005,0.035,0.0,0.0,0.0,0.0,0.0,0.0,0.0,0.0,0.0,0.125,0.0,0.0,0.0,0.08,0.0,0.0,0.275,0.03,0.265,0.0,0.0,0.065,0.0,0.22999999,0.0,0.0,0.0,0.0,0.0,0.0,0.0,0.0,0.0,0.0,0.0,0.0,0.17,0.26999998,0.0,0.0,0.0,0.0,0.11,0.125,0.0
13,1,0.16,0.0,0.065,0.0,0.0,0.0,0.0,0.0,0.0,0.0,0.0,0.0,0.22999999,0.265,0.0,0.08,0.0,0.0,0.0,0.0,0.0,0.24,0.0,0.0,0.02,0.0,0.0,0.0,0.0,0.0,0.21499999,0.125,0.0,0.0,0.0,0.065,0.0,0.0,0.14999999,0.0,0.0,0.235,0.0,0.0,0.0,0.0,0.0,0.0,0.0,0.0,0.0,0.0,0.0,0.0,0.035,0.0,0.0,0.0,0.0,0.0,0.0,0.0,0.0,0.0,0.12,0.0,0.0,0.0,0.085,0.0,0.0,0.275,0.03,0.265,0.0,0.0,0.07,0.0,0.22999999,0.0,0.0,0.0,0.0,0.0,0.0,0.0,0.0,0.0,0.0,0.0,0.0,0.17,0.26999998,0.0,0.0,0.0,0.0,0.105,0.125,0.0
14,8,0.155,0.0,0.065,0.0,0.0,0.0,0.0,0.0,0.0,0.0,0.0,0.0,0.22,0.26,0.0,0.085,0.0,0.0,0.0,0.0,0.0,0.225,0.0,0.0,0.02,0.0,0.0,0.0,0.0,0.0,0.22,0.13,0.0,0.0,0.0,0.065,0.0,0.0,0.14999999,0.0,0.0,0.235,0.0,0.0,0.0,0.0,0.0,0.0,0.0,0.0,0.0,0.0,0.0,0.0,0.035,0.0,0.0,0.0,0.0,0.0,0.0,0.0,0.0,0.0,0.12,0.0,0.0,0.0,0.08,0.0,0.0,0.275,0.024999999,0.26999998,0.0,0.0,0.07,0.0,0.22999999,0.0,0.0,0.0,0.0,0.0,0.0,0.0,0.0,0.0,0.0,0.0,0.0,0.17,0.28,0.0,0.0,0.0,0.0,0.11,0.125,0.0
15,0,0.16,0.0,0.065,0.0,0.0,0.0,0.0,0.0,0.0,0.0,0.0,0.0,0.225,0.26,0.0,0.08,0.0,0.0,0.0,0.0,0.0,0.235,0.0,0.0,0.024999999,0.0,0.0,0.0,0.0,0.0,0.22,0.125,0.0,0.0,0.0,0.065,0.0,0.0,0.14999999,0.0,0.0,0.24,0.0,0.0,0.0,0.0,0.0,0.0,0.0,0.0,0.0,0.0,0.0,0.0,0.04,0.0,0.0,0.0,0.0,0.0,0.0,0.0,0.0,0.0,0.12,0.0,0.0,0.0,0.08,0.0,0.0,0.26999998,0.03,0.275,0.0,0.0,0.07,0.0,0.225,0.0,0.0,0.0,0.0,0.0,0.0,0.0,0.0,0.0,0.0,0.0,0.0,0.17,0.265,0.0,0.0,0.0,0.0,0.11,0.125,0.0
16,4,0.16,0.0,0.065,0.0,0.0,0.0,0.0,0.0,0.0,0.0,0.0,0.0,0.22999999,0.255,0.0,0.089999996,0.0,0.0,0.0,0.0,0.0,0.235,0.0,0.0,0.02,0.0,0.0,0.0,0.0,0.0,0.22,0.125,0.0,0.0,0.0,0.065,0.0,0.0,0.14999999,0.0,0.0,0.235,0.0,0.0,0.0,0.0,0.0,0.0,0.0,0.0,0.0,0.0,0.0,0.0,0.035,0.0,0.0,0.0,0.0,0.0,0.0,0.0,0.0,0.0,0.12,0.0,0.0,0.0,0.08,0.0,0.0,0.275,0.024999999,0.275,0.0,0.0,0.07,0.0,0.22999999,0.0,0.0,0.0,0.0,0.0,0.0,0.0,0.0,0.0,0.0,0.0,0.0,0.17,0.26999998,0.0,0.0,0.0,0.0,0.105,0.13,0.0
17,7,0.155,0.0,0.065,0.0,0.0,0.0,0.0,0.0,0.0,0.0,0.0,0.0,0.22999999,0.265,0.0,0.085,0.0,0.0,0.0,0.0,0.0,0.24,0.0,0.0,0.02,0.0,0.0,0.0,0.0,0.0,0.21499999,0.13,0.0,0.0,0.0,0.065,0.0,0.0,0.155,0.0,0.0,0.235,0.0,0.0,0.0,0.0,0.0,0.0,0.0,0.0,0.0,0.0,0.0,0.0,0.035,0.0,0.0,0.0,0.0,0.0,0.0,0.0,0.0,0.0,0.125,0.0,0.0,0.0,0.085,0.0,0.0,0.28,0.024999999,0.285,0.0,0.0,0.074999996,0.0,0.235,0.0,0.0,0.0,0.0,0.0,0.0,0.0,0.0,0.0,0.0,0.0,0.0,0.17,0.265,0.0,0.0,0.0,0.0,0.11,0.125,0.0
18,1,0.16,0.0,0.065,0.0,0.0,0.0,0.0,0.0,0.0,0.0,0.0,0.0,0.225,0.26,0.0,0.085,0.0,0.0,0.0,0.0,0.0,0.235,0.0,0.0,0.02,0.0,0.0,0.0,0.0,0.0,0.22,0.13,0.0,0.0,0.0,0.065,0.0,0.0,0.145,0.0,0.0,0.22999999,0.0,0.0,0.0,0.0,0.0,0.0,0.0,0.0,0.0,0.0,0.0,0.005,0.035,0.0,0.0,0.0,0.0,0.0,0.0,0.0,0.0,0.0,0.125,0.0,0.0,0.0,0.08,0.0,0.0,0.26999998,0.03,0.265,0.0,0.0,0.07,0.0,0.235,0.0,0.0,0.0,0.0,0.0,0.0,0.0,0.0,0.0,0.0,0.0,0.0,0.17,0.26999998,0.0,0.0,0.0,0.0,0.105,0.125,0.0
19,4,0.155,0.0,0.065,0.0,0.0,0.0,0.0,0.0,0.0,0.0,0.0,0.0,0.22999999,0.26,0.0,0.085,0.0,0.0,0.0,0.0,0.0,0.22999999,0.0,0.0,0.02,0.0,0.0,0.0,0.0,0.0,0.22,0.125,0.0,0.0,0.0,0.07,0.0,0.0,0.14999999,0.0,0.0,0.22999999,0.0,0.0,0.0,0.0,0.0,0.0,0.0,0.0,0.0,0.0,0.0,0.0,0.035,0.0,0.0,0.0,0.0,0.0,0.0,0.0,0.0,0.0,0.12,0.0,0.0,0.0,0.074999996,0.0,0.0,0.26999998,0.03,0.265,0.0,0.0,0.07,0.0,0.22999999,0.0,0.0,0.0,0.0,0.0,0.0,0.0,0.0,0.0,0.0,0.0,0.0,0.175,0.275,0.0,0.0,0.0,0.0,0.11,0.13,0.0
20,1,0.155,0.0,0.06,0.0,0.0,0.0,0.0,0.0,0.0,0.0,0.0,0.0,0.225,0.26,0.0,0.085,0.0,0.0,0.0,0.0,0.0,0.235,0.0,0.0,0.02,0.0,0.0,0.0,0.0,0.0,0.22,0.125,0.0,0.0,0.0,0.07,0.0,0.0,0.14999999,0.0,0.0,0.24,0.0,0.0,0.0,0.0,0.0,0.0,0.0,0.0,0.0,0.0,0.0,0.0,0.035,0.0,0.0,0.0,0.0,0.0,0.0,0.0,0.0,0.0,0.125,0.0,0.0,0.0,0.08,0.0,0.0,0.275,0.03,0.26999998,0.0,0.0,0.07,0.0,0.225,0.0,0.0,0.0,0.0,0.0,0.0,0.0,0.0,0.0,0.0,0.0,0.0,0.175,0.26999998,0.0,0.0,0.0,0.0,0.105,0.12,0.0
21,4,0.155,0.0,0.065,0.0,0.0,0.0,0.0,0.0,0.0,0.0,0.0,0.0,0.225,0.26,0.0,0.085,0.0,0.0,0.0,0.0,0.0,0.235,0.0,0.0,0.02,0.0,0.0,0.0,0.0,0.0,0.21499999,0.125,0.0,0.0,0.0,0.065,0.0,0.0,0.14999999,0.0,0.0,0.235,0.0,0.0,0.0,0.0,0.0,0.0,0.0,0.0,0.0,0.0,0.0,0.005,0.035,0.0,0.0,0.0,0.0,0.0,0.0,0.0,0.0,0.0,0.125,0.0,0.0,0.0,0.085,0.0,0.0,0.275,0.03,0.26999998,0.0,0.0,0.07,0.0,0.225,0.0,0.0,0.0,0.0,0.0,0.0,0.0,0.0,0.0,0.0,0.0,0.0,0.16499999,0.265,0.0,0.0,0.0,0.0,0.11,0.125,0.0
22,9,0.16,0.0,0.07,0.0,0.0,0.0,0.0,0.0,0.0,0.0,0.0,0.0,0.225,0.265,0.0,0.085,0.0,0.0,0.0,0.0,0.0,0.24,0.0,0.0,0.02,0.0,0.0,0.0,0.0,0.0,0.22,0.13,0.0,0.0,0.0,0.06,0.0,0.0,0.155,0.0,0.0,0.24,0.0,0.0,0.0,0.0,0.0,0.0,0.0,0.0,0.0,0.0,0.0,0.0,0.04,0.0,0.0,0.0,0.0,0.0,0.0,0.0,0.0,0.0,0.12,0.0,0.0,0.0,0.085,0.0,0.0,0.275,0.03,0.26999998,0.0,0.0,0.07,0.0,0.235,0.0,0.0,0.0,0.0,0.0,0.0,0.0,0.0,0.0,0.0,0.0,0.0,0.17,0.275,0.0,0.0,0.0,0.0,0.105,0.125,0.0
23,3,0.14999999,0.0,0.07,0.0,0.0,0.0,0.0,0.0,0.0,0.0,0.0,0.0,0.225,0.265,0.0,0.085,0.0,0.0,0.0,0.0,0.0,0.22999999,0.0,0.0,0.02,0.0,0.0,0.0,0.0,0.0,0.225,0.13,0.0,0.0,0.0,0.07,0.0,0.0,0.155,0.0,0.0,0.235,0.0,0.0,0.0,0.0,0.0,0.0,0.0,0.0,0.0,0.0,0.0,0.005,0.04,0.0,0.0,0.0,0.0,0.0,0.0,0.0,0.0,0.0,0.12,0.0,0.0,0.0,0.08,0.0,0.0,0.28,0.03,0.28,0.0,0.0,0.07,0.0,0.22999999,0.0,0.0,0.0,0.0,0.0,0.0,0.0,0.0,0.0,0.0,0.0,0.0,0.175,0.28,0.0,0.0,0.0,0.0,0.11,0.125,0.0
24,6,0.16,0.0,0.065,0.0,0.0,0.0,0.0,0.0,0.0,0.0,0.0,0.0,0.22999999,0.26,0.0,0.08,0.0,0.0,0.0,0.0,0.0,0.22999999,0.0,0.0,0.02,0.0,0.0,0.0,0.0,0.0,0.22,0.125,0.0,0.0,0.0,0.06,0.0,0.0,0.14999999,0.0,0.0,0.235,0.0,0.0,0.0,0.0,0.0,0.0,0.0,0.0,0.0,0.0,0.0,0.0,0.035,0.0,0.0,0.0,0.0,0.0,0.0,0.0,0.0,0.0,0.12,0.0,0.0,0.0,0.08,0.0,0.0,0.28,0.03,0.26999998,0.0,0.0,0.074999996,0.0,0.235,0.0,0.0,0.0,0.0,0.0,0.0,0.0,0.0,0.0,0.0,0.0,0.0,0.16499999,0.275,0.0,0.0,0.0,0.0,0.105,0.125,0.0
25,3,0.16,0.0,0.065,0.0,0.0,0.0,0.0,0.0,0.0,0.0,0.0,0.0,0.22999999,0.26,0.0,0.089999996,0.0,0.0,0.0,0.0,0.0,0.24,0.0,0.0,0.02,0.0,0.0,0.0,0.0,0.0,0.22,0.125,0.0,0.0,0.0,0.065,0.0,0.0,0.14999999,0.0,0.0,0.24,0.0,0.0,0.0,0.0,0.0,0.0,0.0,0.0,0.0,0.0,0.0,0.0,0.04,0.0,0.0,0.0,0.0,0.0,0.0,0.0,0.0,0.0,0.125,0.0,0.0,0.0,0.08,0.0,0.0,0.28,0.03,0.275,0.0,0.0,0.07,0.0,0.22999999,0.0,0.0,0.0,0.0,0.0,0.0,0.0,0.0,0.0,0.0,0.0,0.0,0.175,0.275,0.0,0.0,0.0,0.0,0.11,0.125,0.0
26,4,0.155,0.0,0.065,0.0,0.0,0.0,0.0,0.0,0.0,0.0,0.0,0.0,0.22999999,0.26,0.0,0.085,0.0,0.0,0.0,0.0,0.0,0.22999999,0.0,0.0,0.015,0.0,0.0,0.0,0.0,0.0,0.22,0.13,0.0,0.0,0.0,0.065,0.0,0.0,0.145,0.0,0.0,0.235,0.0,0.0,0.0,0.0,0.0,0.0,0.0,0.0,0.0,0.0,0.0,0.0,0.035,0.0,0.0,0.0,0.0,0.0,0.0,0.0,0.0,0.0,0.12,0.0,0.0,0.0,0.074999996,0.0,0.0,0.28,0.024999999,0.26999998,0.0,0.0,0.07,0.0,0.22999999,0.0,0.0,0.0,0.0,0.0,0.0,0.0,0.0,0.0,0.0,0.0,0.0,0.175,0.26999998,0.0,0.0,0.0,0.0,0.11,0.125,0.0
27,5,0.16499999,0.0,0.06,0.0,0.0,0.0,0.0,0.0,0.0,0.0,0.0,0.0,0.22999999,0.265,0.0,0.085,0.0,0.0,0.0,0.0,0.0,0.235,0.0,0.0,0.02,0.0,0.0,0.0,0.0,0.0,0.21499999,0.125,0.0,0.0,0.0,0.065,0.0,0.0,0.155,0.0,0.0,0.235,0.0,0.0,0.0,0.0,0.0,0.0,0.0,0.0,0.0,0.0,0.0,0.0,0.035,0.0,0.0,0.0,0.0,0.0,0.0,0.0,0.0,0.0,0.125,0.0,0.0,0.0,0.085,0.0,0.0,0.265,0.024999999,0.26999998,0.0,0.0,0.065,0.0,0.235,0.0,0.0,0.0,0.0,0.0,0.0,0.0,0.0,0.0,0.0,0.0,0.0,0.16499999,0.26999998,0.0,0.0,0.0,0.0,0.11,0.13,0.0
28,1,0.155,0.0,0.065,0.0,0.0,0.0,0.0,0.0,0.0,0.0,0.0,0.0,0.225,0.26,0.0,0.08,0.0,0.0,0.0,0.0,0.0,0.22999999,0.0,0.0,0.02,0.0,0.0,0.0,0.0,0.0,0.22,0.125,0.0,0.0,0.0,0.065,0.0,0.0,0.14999999,0.0,0.0,0.235,0.0,0.0,0.0,0.0,0.0,0.0,0.0,0.0,0.0,0.0,0.0,0.005,0.035,0.0,0.0,0.0,0.0,0.0,0.0,0.0,0.0,0.0,0.12,0.0,0.0,0.0,0.085,0.0,0.0,0.28,0.024999999,0.265,0.0,0.0,0.07,0.0,0.225,0.0,0.0,0.0,0.0,0.0,0.0,0.0,0.0,0.0,0.0,0.0,0.0,0.175,0.265,0.0,0.0,0.0,0.0,0.11,0.12,0.0
29,9,0.155,0.0,0.07,0.0,0.0,0.0,0.0,0.0,0.0,0.0,0.0,0.0,0.225,0.265,0.0,0.089999996,0.0,0.0,0.0,0.0,0.0,0.235,0.0,0.0,0.02,0.0,0.0,0.0,0.0,0.0,0.22,0.13,0.0,0.0,0.0,0.065,0.0,0.0,0.155,0.0,0.0,0.235,0.0,0.0,0.0,0.0,0.0,0.0,0.0,0.0,0.0,0.0,0.0,0.0,0.035,0.0,0.0,0.0,0.0,0.0,0.0,0.0,0.0,0.0,0.125,0.0,0.0,0.0,0.08,0.0,0.0,0.28,0.024999999,0.26999998,0.0,0.0,0.074999996,0.0,0.235,0.0,0.0,0.0,0.0,0.0,0.0,0.0,0.0,0.0,0.0,0.0,0.0,0.175,0.275,0.0,0.0,0.0,0.0,0.11,0.12,0.0
30,9,0.155,0.0,0.065,0.0,0.0,0.0,0.0,0.0,0.0,0.0,0.0,0.0,0.22,0.265,0.0,0.085,0.0,0.0,0.0,0.0,0.0,0.22999999,0.0,0.0,0.015,0.0,0.0,0.0,0.0,0.0,0.22,0.13,0.0,0.0,0.0,0.065,0.0,0.0,0.155,0.0,0.0,0.235,0.0,0.0,0.0,0.0,0.0,0.0,0.0,0.0,0.0,0.0,0.0,0.005,0.035,0.0,0.0,0.0,0.0,0.0,0.0,0.0,0.0,0.0,0.12,0.0,0.0,0.0,0.08,0.0,0.0,0.275,0.024999999,0.26999998,0.0,0.0,0.07,0.0,0.235,0.0,0.0,0.0,0.0,0.0,0.0,0.0,0.0,0.0,0.0,0.0,0.0,0.17,0.275,0.0,0.0,0.0,0.0,0.114999995,0.12,0.0
31,7,0.155,0.0,0.065,0.0,0.0,0.0,0.0,0.0,0.0,0.0,0.0,0.0,0.225,0.26,0.0,0.08,0.0,0.0,0.0,0.0,0.0,0.22999999,0.0,0.0,0.02,0.0,0.0,0.0,0.0,0.0,0.22,0.13,0.0,0.0,0.0,0.065,0.0,0.0,0.14999999,0.0,0.0,0.235,0.0,0.0,0.0,0.0,0.0,0.0,0.0,0.0,0.0,0.0,0.0,0.0,0.04,0.0,0.0,0.0,0.0,0.0,0.0,0.0,0.0,0.0,0.12,0.0,0.0,0.0,0.08,0.0,0.0,0.28,0.024999999,0.275,0.0,0.0,0.07,0.0,0.235,0.0,0.0,0.0,0.0,0.0,0.0,0.0,0.0,0.0,0.0,0.0,0.0,0.17,0.26999998,0.0,0.0,0.0,0.0,0.11,0.13,0.0
32,9,0.145,0.0,0.065,0.0,0.0,0.0,0.0,0.0,0.0,0.0,0.0,0.0,0.225,0.26,0.0,0.085,0.0,0.0,0.0,0.0,0.0,0.225,0.0,0.0,0.02,0.0,0.0,0.0,0.0,0.0,0.225,0.13,0.0,0.0,0.0,0.065,0.0,0.0,0.14999999,0.0,0.0,0.235,0.0,0.0,0.0,0.0,0.0,0.0,0.0,0.0,0.0,0.0,0.0,0.005,0.035,0.0,0.0,0.0,0.0,0.0,0.0,0.0,0.0,0.0,0.12,0.0,0.0,0.0,0.08,0.0,0.0,0.285,0.03,0.275,0.0,0.0,0.074999996,0.0,0.22999999,0.0,0.0,0.0,0.0,0.0,0.0,0.0,0.0,0.0,0.0,0.0,0.0,0.17,0.275,0.0,0.0,0.0,0.0,0.105,0.12,0.0
33,7,0.16,0.0,0.07,0.0,0.0,0.0,0.0,0.0,0.0,0.0,0.0,0.0,0.22999999,0.265,0.0,0.085,0.0,0.0,0.0,0.0,0.0,0.22999999,0.0,0.0,0.02,0.0,0.0,0.0,0.0,0.0,0.22,0.13499999,0.0,0.0,0.0,0.065,0.0,0.0,0.14999999,0.0,0.0,0.24,0.0,0.0,0.0,0.0,0.0,0.0,0.0,0.0,0.0,0.0,0.0,0.0,0.035,0.0,0.0,0.0,0.0,0.0,0.0,0.0,0.0,0.0,0.12,0.0,0.0,0.0,0.085,0.0,0.0,0.28,0.03,0.26999998,0.0,0.0,0.074999996,0.0,0.22999999,0.0,0.0,0.0,0.0,0.0,0.0,0.0,0.0,0.0,0.0,0.0,0.0,0.17,0.28,0.0,0.0,0.0,0.0,0.11,0.125,0.0
34,4,0.16499999,0.0,0.065,0.0,0.0,0.0,0.0,0.0,0.0,0.0,0.0,0.0,0.225,0.255,0.0,0.085,0.0,0.0,0.0,0.0,0.0,0.235,0.0,0.0,0.02,0.0,0.0,0.0,0.0,0.0,0.21,0.13,0.0,0.0,0.0,0.065,0.0,0.0,0.14999999,0.0,0.0,0.24,0.0,0.0,0.0,0.0,0.0,0.0,0.0,0.0,0.0,0.0,0.0,0.0,0.035,0.0,0.0,0.0,0.0,0.0,0.0,0.0,0.0,0.0,0.12,0.0,0.0,0.0,0.08,0.0,0.0,0.275,0.03,0.26999998,0.0,0.0,0.07,0.0,0.22999999,0.0,0.0,0.0,0.0,0.0,0.0,0.0,0.0,0.0,0.0,0.0,0.0,0.17,0.275,0.0,0.0,0.0,0.0,0.11,0.13,0.0
35,1,0.16,0.0,0.065,0.0,0.0,0.0,0.0,0.0,0.0,0.0,0.0,0.0,0.22999999,0.265,0.0,0.085,0.0,0.0,0.0,0.0,0.0,0.235,0.0,0.0,0.02,0.0,0.0,0.0,0.0,0.0,0.22,0.125,0.0,0.0,0.0,0.065,0.0,0.0,0.145,0.0,0.0,0.235,0.0,0.0,0.0,0.0,0.0,0.0,0.0,0.0,0.0,0.0,0.0,0.005,0.04,0.0,0.0,0.0,0.0,0.0,0.0,0.0,0.0,0.0,0.12,0.0,0.0,0.0,0.08,0.0,0.0,0.285,0.03,0.275,0.0,0.0,0.07,0.0,0.225,0.0,0.0,0.0,0.0,0.0,0.0,0.0,0.0,0.0,0.0,0.0,0.0,0.17,0.275,0.0,0.0,0.0,0.0,0.11,0.12,0.0
36,0,0.16,0.0,0.07,0.0,0.0,0.0,0.0,0.0,0.0,0.0,0.0,0.0,0.22999999,0.26,0.0,0.089999996,0.0,0.0,0.0,0.0,0.0,0.235,0.0,0.0,0.024999999,0.0,0.0,0.0,0.0,0.0,0.22,0.13,0.0,0.0,0.0,0.065,0.0,0.0,0.155,0.0,0.0,0.24,0.0,0.0,0.0,0.0,0.0,0.0,0.0,0.0,0.0,0.0,0.0,0.0,0.04,0.0,0.0,0.0,0.0,0.0,0.0,0.0,0.0,0.0,0.13,0.0,0.0,0.0,0.085,0.0,0.0,0.28,0.03,0.275,0.0,0.0,0.074999996,0.0,0.22999999,0.0,0.0,0.0,0.0,0.0,0.0,0.0,0.0,0.0,0.0,0.0,0.0,0.175,0.28,0.0,0.0,0.0,0.0,0.11,0.125,0.0
37,2,0.16,0.0,0.065,0.0,0.0,0.0,0.0,0.0,0.0,0.0,0.0,0.0,0.22999999,0.26,0.0,0.085,0.0,0.0,0.0,0.0,0.0,0.22999999,0.0,0.0,0.024999999,0.0,0.0,0.0,0.0,0.0,0.21499999,0.13,0.0,0.0,0.0,0.065,0.0,0.0,0.155,0.0,0.0,0.235,0.0,0.0,0.0,0.0,0.0,0.0,0.0,0.0,0.0,0.0,0.0,0.0,0.035,0.0,0.0,0.0,0.0,0.0,0.0,0.0,0.0,0.0,0.12,0.0,0.0,0.0,0.08,0.0,0.0,0.275,0.024999999,0.26999998,0.0,0.0,0.074999996,0.0,0.22999999,0.0,0.0,0.0,0.0,0.0,0.0,0.0,0.0,0.0,0.0,0.0,0.0,0.17,0.26999998,0.0,0.0,0.0,0.0,0.105,0.13,0.0
38,0,0.16,0.0,0.06,0.0,0.0,0.0,0.0,0.0,0.0,0.0,0.0,0.0,0.22999999,0.265,0.0,0.085,0.0,0.0,0.0,0.0,0.0,0.235,0.0,0.0,0.02,0.0,0.0,0.0,0.0,0.0,0.22,0.125,0.0,0.0,0.0,0.065,0.0,0.0,0.14999999,0.0,0.0,0.235,0.0,0.0,0.0,0.0,0.0,0.0,0.0,0.0,0.0,0.0,0.0,0.0,0.035,0.0,0.0,0.0,0.0,0.0,0.0,0.0,0.0,0.0,0.125,0.0,0.0,0.0,0.08,0.0,0.0,0.275,0.03,0.275,0.0,0.0,0.065,0.0,0.22999999,0.0,0.0,0.0,0.0,0.0,0.0,0.0,0.0,0.0,0.0,0.0,0.0,0.175,0.26999998,0.0,0.0,0.0,0.0,0.11,0.125,0.0
39,0,0.16,0.0,0.065,0.0,0.0,0.0,0.0,0.0,0.0,0.0,0.0,0.0,0.22999999,0.275,0.0,0.085,0.0,0.0,0.0,0.0,0.0,0.24,0.0,0.0,0.02,0.0,0.0,0.0,0.0,0.0,0.225,0.13499999,0.0,0.0,0.0,0.07,0.0,0.0,0.16,0.0,0.0,0.22999999,0.0,0.0,0.0,0.0,0.0,0.0,0.0,0.0,0.0,0.0,0.0,0.0,0.035,0.0,0.0,0.0,0.0,0.0,0.0,0.0,0.0,0.0,0.125,0.0,0.0,0.0,0.08,0.0,0.0,0.28,0.024999999,0.275,0.0,0.0,0.08,0.0,0.22999999,0.0,0.0,0.0,0.0,0.0,0.0,0.0,0.0,0.0,0.0,0.0,0.0,0.175,0.29,0.0,0.0,0.0,0.0,0.114999995,0.125,0.0
40,7,0.16,0.0,0.065,0.0,0.0,0.0,0.0,0.0,0.0,0.0,0.0,0.0,0.235,0.26,0.0,0.085,0.0,0.0,0.0,0.0,0.0,0.22999999,0.0,0.0,0.02,0.0,0.0,0.0,0.0,0.0,0.22,0.125,0.0,0.0,0.0,0.065,0.0,0.0,0.14999999,0.0,0.0,0.235,0.0,0.0,0.0,0.0,0.0,0.0,0.0,0.0,0.0,0.0,0.0,0.0,0.035,0.0,0.0,0.0,0.0,0.0,0.0,0.0,0.0,0.0,0.125,0.0,0.0,0.0,0.074999996,0.0,0.0,0.285,0.03,0.26999998,0.0,0.0,0.07,0.0,0.22999999,0.0,0.0,0.0,0.0,0.0,0.0,0.0,0.0,0.0,0.0,0.0,0.0,0.17,0.26999998,0.0,0.0,0.0,0.0,0.105,0.13,0.0
41,4,0.16,0.0,0.065,0.0,0.0,0.0,0.0,0.0,0.0,0.0,0.0,0.0,0.22999999,0.265,0.0,0.085,0.0,0.0,0.0,0.0,0.0,0.235,0.0,0.0,0.02,0.0,0.0,0.0,0.0,0.0,0.21499999,0.125,0.0,0.0,0.0,0.065,0.0,0.0,0.155,0.0,0.0,0.235,0.0,0.0,0.0,0.0,0.0,0.0,0.0,0.0,0.0,0.0,0.0,0.0,0.035,0.0,0.0,0.0,0.0,0.0,0.0,0.0,0.0,0.0,0.12,0.0,0.0,0.0,0.08,0.0,0.0,0.275,0.03,0.265,0.0,0.0,0.07,0.0,0.22999999,0.0,0.0,0.0,0.0,0.0,0.0,0.0,0.0,0.0,0.0,0.0,0.0,0.17,0.275,0.0,0.0,0.0,0.0,0.105,0.125,0.0
42,6,0.16,0.0,0.065,0.0,0.0,0.0,0.0,0.0,0.0,0.0,0.0,0.0,0.22999999,0.26,0.0,0.085,0.0,0.0,0.0,0.0,0.0,0.235,0.0,0.0,0.015,0.0,0.0,0.0,0.0,0.0,0.22,0.125,0.0,0.0,0.0,0.065,0.0,0.0,0.155,0.0,0.0,0.235,0.0,0.0,0.0,0.0,0.0,0.0,0.0,0.0,0.0,0.0,0.0,0.005,0.04,0.0,0.0,0.0,0.0,0.0,0.0,0.0,0.0,0.0,0.125,0.0,0.0,0.0,0.08,0.0,0.0,0.28,0.03,0.265,0.0,0.0,0.07,0.0,0.235,0.0,0.0,0.0,0.0,0.0,0.0,0.0,0.0,0.0,0.0,0.0,0.0,0.17,0.26999998,0.0,0.0,0.0,0.0,0.11,0.125,0.0
43,7,0.16,0.0,0.06,0.0,0.0,0.0,0.0,0.0,0.0,0.0,0.0,0.0,0.235,0.26,0.0,0.085,0.0,0.0,0.0,0.0,0.0,0.24,0.0,0.0,0.024999999,0.0,0.0,0.0,0.0,0.0,0.22999999,0.13,0.0,0.0,0.0,0.065,0.0,0.0,0.14999999,0.0,0.0,0.22999999,0.0,0.0,0.0,0.0,0.0,0.0,0.0,0.0,0.0,0.0,0.0,0.005,0.035,0.0,0.0,0.0,0.0,0.0,0.0,0.0,0.0,0.0,0.12,0.0,0.0,0.0,0.085,0.0,0.0,0.275,0.03,0.275,0.0,0.0,0.07,0.0,0.235,0.0,0.0,0.0,0.0,0.0,0.0,0.0,0.0,0.0,0.0,0.0,0.0,0.16499999,0.26999998,0.0,0.0,0.0,0.0,0.11,0.125,0.0
44,9,0.16,0.0,0.065,0.0,0.0,0.0,0.0,0.0,0.0,0.0,0.0,0.0,0.22999999,0.265,0.0,0.085,0.0,0.0,0.0,0.0,0.0,0.22999999,0.0,0.0,0.02,0.0,0.0,0.0,0.0,0.0,0.225,0.125,0.0,0.0,0.0,0.065,0.0,0.0,0.14999999,0.0,0.0,0.22999999,0.0,0.0,0.0,0.0,0.0,0.0,0.0,0.0,0.0,0.0,0.0,0.0,0.035,0.0,0.0,0.0,0.0,0.0,0.0,0.0,0.0,0.0,0.12,0.0,0.0,0.0,0.08,0.0,0.0,0.28,0.03,0.28,0.0,0.0,0.07,0.0,0.22999999,0.0,0.0,0.0,0.0,0.0,0.0,0.0,0.0,0.0,0.0,0.0,0.0,0.17,0.26999998,0.0,0.0,0.0,0.0,0.105,0.125,0.0
45,7,0.16,0.0,0.065,0.0,0.0,0.0,0.0,0.0,0.0,0.0,0.0,0.0,0.22999999,0.26,0.0,0.085,0.0,0.0,0.0,0.0,0.0,0.235,0.0,0.0,0.02,0.0,0.0,0.0,0.0,0.0,0.22,0.125,0.0,0.0,0.0,0.065,0.0,0.0,0.14999999,0.0,0.0,0.235,0.0,0.0,0.0,0.0,0.0,0.0,0.0,0.0,0.0,0.0,0.0,0.005,0.035,0.0,0.0,0.0,0.0,0.0,0.0,0.0,0.0,0.0,0.125,0.0,0.0,0.0,0.08,0.0,0.0,0.28,0.03,0.26999998,0.0,0.0,0.07,0.0,0.22999999,0.0,0.0,0.0,0.0,0.0,0.0,0.0,0.0,0.0,0.0,0.0,0.0,0.17,0.265,0.0,0.0,0.0,0.0,0.105,0.12,0.0
46,3,0.16,0.0,0.065,0.0,0.0,0.0,0.0,0.0,0.0,0.0,0.0,0.0,0.22,0.26,0.0,0.085,0.0,0.0,0.0,0.0,0.0,0.22999999,0.0,0.0,0.02,0.0,0.0,0.0,0.0,0.0,0.225,0.13,0.0,0.0,0.0,0.065,0.0,0.0,0.14999999,0.0,0.0,0.235,0.0,0.0,0.0,0.0,0.0,0.0,0.0,0.0,0.0,0.0,0.0,0.005,0.04,0.0,0.0,0.0,0.0,0.0,0.0,0.0,0.0,0.0,0.13,0.0,0.0,0.0,0.08,0.0,0.0,0.26999998,0.03,0.275,0.0,0.0,0.07,0.0,0.22999999,0.0,0.0,0.0,0.0,0.0,0.0,0.0,0.0,0.0,0.0,0.0,0.0,0.17,0.275,0.0,0.0,0.0,0.0,0.11,0.13,0.0
47,5,0.16,0.0,0.06,0.0,0.0,0.0,0.0,0.0,0.0,0.0,0.0,0.0,0.225,0.265,0.0,0.089999996,0.0,0.0,0.0,0.0,0.0,0.24,0.0,0.0,0.02,0.0,0.0,0.0,0.0,0.0,0.22,0.13,0.0,0.0,0.0,0.065,0.0,0.0,0.155,0.0,0.0,0.235,0.0,0.0,0.0,0.0,0.0,0.0,0.0,0.0,0.0,0.0,0.0,0.005,0.035,0.0,0.0,0.0,0.0,0.0,0.0,0.0,0.0,0.0,0.12,0.0,0.0,0.0,0.08,0.0,0.0,0.28,0.024999999,0.26999998,0.0,0.0,0.07,0.0,0.22999999,0.0,0.0,0.0,0.0,0.0,0.0,0.0,0.0,0.0,0.0,0.0,0.0,0.175,0.26999998,0.0,0.0,0.0,0.0,0.11,0.125,0.0
48,1,0.155,0.0,0.065,0.0,0.0,0.0,0.0,0.0,0.0,0.0,0.0,0.0,0.225,0.26,0.0,0.08,0.0,0.0,0.0,0.0,0.0,0.22999999,0.0,0.0,0.02,0.0,0.0,0.0,0.0,0.0,0.22,0.13,0.0,0.0,0.0,0.065,0.0,0.0,0.155,0.0,0.0,0.235,0.0,0.0,0.0,0.0,0.0,0.0,0.0,0.0,0.0,0.0,0.0,0.0,0.035,0.0,0.0,0.0,0.0,0.0,0.0,0.0,0.0,0.0,0.12,0.0,0.0,0.0,0.08,0.0,0.0,0.265,0.03,0.275,0.0,0.0,0.065,0.0,0.22999999,0.0,0.0,0.0,0.0,0.0,0.0,0.0,0.0,0.0,0.0,0.0,0.0,0.175,0.26,0.0,0.0,0.0,0.0,0.105,0.12,0.0
49,7,0.16,0.0,0.065,0.0,0.0,0.0,0.0,0.0,0.0,0.0,0.0,0.0,0.225,0.265,0.0,0.089999996,0.0,0.0,0.0,0.0,0.0,0.24,0.0,0.0,0.02,0.0,0.0,0.0,0.0,0.0,0.22,0.125,0.0,0.0,0.0,0.06,0.0,0.0,0.155,0.0,0.0,0.235,0.0,0.0,0.0,0.0,0.0,0.0,0.0,0.0,0.0,0.0,0.0,0.0,0.035,0.0,0.0,0.0,0.0,0.0,0.0,0.0,0.0,0.0,0.125,0.0,0.0,0.0,0.085,0.0,0.0,0.28,0.03,0.275,0.0,0.0,0.07,0.0,0.235,0.0,0.0,0.0,0.0,0.0,0.0,0.0,0.0,0.0,0.0,0.0,0.0,0.175,0.28,0.0,0.0,0.0,0.0,0.114999995,0.125,0.0
50,6,0.155,0.0,0.065,0.0,0.0,0.0,0.0,0.0,0.0,0.0,0.0,0.0,0.225,0.265,0.0,0.085,0.0,0.0,0.0,0.0,0.0,0.235,0.0,0.0,0.02,0.0,0.0,0.0,0.0,0.0,0.22,0.125,0.0,0.0,0.0,0.065,0.0,0.0,0.14999999,0.0,0.0,0.24,0.0,0.0,0.0,0.0,0.0,0.0,0.0,0.0,0.0,0.0,0.0,0.0,0.035,0.0,0.0,0.0,0.0,0.0,0.0,0.0,0.0,0.0,0.12,0.0,0.0,0.0,0.08,0.0,0.0,0.26999998,0.03,0.26999998,0.0,0.0,0.07,0.0,0.225,0.0,0.0,0.0,0.0,0.0,0.0,0.0,0.0,0.0,0.0,0.0,0.0,0.17,0.275,0.0,0.0,0.0,0.0,0.099999994,0.125,0.0
51,5,0.16,0.0,0.065,0.0,0.0,0.0,0.0,0.0,0.0,0.0,0.0,0.0,0.225,0.255,0.0,0.085,0.0,0.0,0.0,0.0,0.0,0.235,0.0,0.0,0.02,0.0,0.0,0.0,0.0,0.0,0.225,0.125,0.0,0.0,0.0,0.065,0.0,0.0,0.14999999,0.0,0.0,0.24,0.0,0.0,0.0,0.0,0.0,0.0,0.0,0.0,0.0,0.0,0.0,0.0,0.035,0.0,0.0,0.0,0.0,0.0,0.0,0.0,0.0,0.0,0.125,0.0,0.0,0.0,0.074999996,0.0,0.0,0.28,0.03,0.26999998,0.0,0.0,0.074999996,0.0,0.225,0.0,0.0,0.0,0.0,0.0,0.0,0.0,0.0,0.0,0.0,0.0,0.0,0.175,0.26999998,0.0,0.0,0.0,0.0,0.105,0.125,0.0
52,9,0.16,0.0,0.065,0.0,0.0,0.0,0.0,0.0,0.0,0.0,0.0,0.0,0.22999999,0.265,0.0,0.085,0.0,0.0,0.0,0.0,0.0,0.24,0.0,0.0,0.02,0.0,0.0,0.0,0.0,0.0,0.21499999,0.125,0.0,0.0,0.0,0.065,0.0,0.0,0.145,0.0,0.0,0.235,0.0,0.0,0.0,0.0,0.0,0.0,0.0,0.0,0.0,0.0,0.0,0.005,0.04,0.0,0.0,0.0,0.0,0.0,0.0,0.0,0.0,0.0,0.125,0.0,0.0,0.0,0.085,0.0,0.0,0.28,0.035,0.275,0.0,0.0,0.07,0.0,0.22999999,0.0,0.0,0.0,0.0,0.0,0.0,0.0,0.0,0.0,0.0,0.0,0.0,0.17,0.26999998,0.0,0.0,0.0,0.0,0.11,0.13,0.0
53,7,0.16,0.0,0.065,0.0,0.0,0.0,0.0,0.0,0.0,0.0,0.0,0.0,0.22999999,0.255,0.0,0.085,0.0,0.0,0.0,0.0,0.0,0.235,0.0,0.0,0.015,0.0,0.0,0.0,0.0,0.0,0.22,0.13,0.0,0.0,0.0,0.065,0.0,0.0,0.14999999,0.0,0.0,0.24,0.0,0.0,0.0,0.0,0.0,0.0,0.0,0.0,0.0,0.0,0.0,0.0,0.04,0.0,0.0,0.0,0.0,0.0,0.0,0.0,0.0,0.0,0.12,0.0,0.0,0.0,0.08,0.0,0.0,0.275,0.03,0.26999998,0.0,0.0,0.07,0.0,0.225,0.0,0.0,0.0,0.0,0.0,0.0,0.0,0.0,0.0,0.0,0.0,0.0,0.17,0.26999998,0.0,0.0,0.0,0.0,0.105,0.13,0.0
54,5,0.155,0.0,0.065,0.0,0.0,0.0,0.0,0.0,0.0,0.0,0.0,0.0,0.22999999,0.26,0.0,0.085,0.0,0.0,0.0,0.0,0.0,0.235,0.0,0.0,0.02,0.0,0.0,0.0,0.0,0.0,0.21499999,0.13,0.0,0.0,0.0,0.065,0.0,0.0,0.14999999,0.0,0.0,0.24,0.0,0.0,0.0,0.0,0.0,0.0,0.0,0.0,0.0,0.0,0.0,0.0,0.035,0.0,0.0,0.0,0.0,0.0,0.0,0.0,0.0,0.0,0.125,0.0,0.0,0.0,0.074999996,0.0,0.0,0.26999998,0.02,0.26999998,0.0,0.0,0.074999996,0.0,0.235,0.0,0.0,0.0,0.0,0.0,0.0,0.0,0.0,0.0,0.0,0.0,0.0,0.17,0.26999998,0.0,0.0,0.0,0.0,0.11,0.13,0.0
55,6,0.16,0.0,0.06,0.0,0.0,0.0,0.0,0.0,0.0,0.0,0.0,0.0,0.225,0.265,0.0,0.085,0.0,0.0,0.0,0.0,0.0,0.235,0.0,0.0,0.02,0.0,0.0,0.0,0.0,0.0,0.22,0.13,0.0,0.0,0.0,0.065,0.0,0.0,0.14999999,0.0,0.0,0.225,0.0,0.0,0.0,0.0,0.0,0.0,0.0,0.0,0.0,0.0,0.0,0.0,0.03,0.0,0.0,0.0,0.0,0.0,0.0,0.0,0.0,0.0,0.125,0.0,0.0,0.0,0.08,0.0,0.0,0.275,0.03,0.26999998,0.0,0.0,0.07,0.0,0.225,0.0,0.0,0.0,0.0,0.0,0.0,0.0,0.0,0.0,0.0,0.0,0.0,0.17,0.275,0.0,0.0,0.0,0.0,0.11,0.125,0.0
56,4,0.16,0.0,0.065,0.0,0.0,0.0,0.0,0.0,0.0,0.0,0.0,0.0,0.235,0.25,0.0,0.085,0.0,0.0,0.0,0.0,0.0,0.235,0.0,0.0,0.02,0.0,0.0,0.0,0.0,0.0,0.21499999,0.13,0.0,0.0,0.0,0.065,0.0,0.0,0.14999999,0.0,0.0,0.235,0.0,0.0,0.0,0.0,0.0,0.0,0.0,0.0,0.0,0.0,0.0,0.0,0.035,0.0,0.0,0.0,0.0,0.0,0.0,0.0,0.0,0.0,0.12,0.0,0.0,0.0,0.08,0.0,0.0,0.275,0.03,0.26999998,0.0,0.0,0.07,0.0,0.22999999,0.0,0.0,0.0,0.0,0.0,0.0,0.0,0.0,0.0,0.0,0.0,0.0,0.175,0.265,0.0,0.0,0.0,0.0,0.105,0.13,0.0
57,6,0.155,0.0,0.065,0.0,0.0,0.0,0.0,0.0,0.0,0.0,0.0,0.0,0.225,0.265,0.0,0.085,0.0,0.0,0.0,0.0,0.0,0.235,0.0,0.0,0.02,0.0,0.0,0.0,0.0,0.0,0.225,0.13,0.0,0.0,0.0,0.065,0.0,0.0,0.14999999,0.0,0.0,0.22999999,0.0,0.0,0.0,0.0,0.0,0.0,0.0,0.0,0.0,0.0,0.0,0.005,0.035,0.0,0.0,0.0,0.0,0.0,0.0,0.0,0.0,0.0,0.125,0.0,0.0,0.0,0.08,0.0,0.0,0.28,0.024999999,0.275,0.0,0.0,0.07,0.0,0.24,0.0,0.0,0.0,0.0,0.0,0.0,0.0,0.0,0.0,0.0,0.0,0.0,0.17,0.275,0.0,0.0,0.0,0.0,0.11,0.125,0.0
58,2,0.16,0.0,0.065,0.0,0.0,0.0,0.0,0.0,0.0,0.0,0.0,0.0,0.22999999,0.265,0.0,0.085,0.0,0.0,0.0,0.0,0.0,0.235,0.0,0.0,0.024999999,0.0,0.0,0.0,0.0,0.0,0.225,0.13,0.0,0.0,0.0,0.065,0.0,0.0,0.14999999,0.0,0.0,0.24,0.0,0.0,0.0,0.0,0.0,0.0,0.0,0.0,0.0,0.0,0.0,0.0,0.04,0.0,0.0,0.0,0.0,0.0,0.0,0.0,0.0,0.0,0.125,0.0,0.0,0.0,0.08,0.0,0.0,0.275,0.03,0.275,0.0,0.0,0.07,0.0,0.22999999,0.0,0.0,0.0,0.0,0.0,0.0,0.0,0.0,0.0,0.0,0.0,0.0,0.175,0.26999998,0.0,0.0,0.0,0.0,0.105,0.12,0.0
59,4,0.16,0.0,0.065,0.0,0.0,0.0,0.0,0.0,0.0,0.0,0.0,0.0,0.22999999,0.265,0.0,0.089999996,0.0,0.0,0.0,0.0,0.0,0.22999999,0.0,0.0,0.024999999,0.0,0.0,0.0,0.0,0.0,0.225,0.13,0.0,0.0,0.0,0.07,0.0,0.0,0.14999999,0.0,0.0,0.235,0.0,0.0,0.0,0.0,0.0,0.0,0.0,0.0,0.0,0.0,0.0,0.0,0.035,0.0,0.0,0.0,0.0,0.0,0.0,0.0,0.0,0.0,0.12,0.0,0.0,0.0,0.08,0.0,0.0,0.285,0.03,0.26999998,0.0,0.0,0.07,0.0,0.22999999,0.0,0.0,0.0,0.0,0.0,0.0,0.0,0.0,0.0,0.0,0.0,0.0,0.175,0.26999998,0.0,0.0,0.0,0.0,0.105,0.125,0.0
60,4,0.16,0.0,0.065,0.0,0.0,0.0,0.0,0.0,0.0,0.0,0.0,0.0,0.22,0.25,0.0,0.085,0.0,0.0,0.0,0.0,0.0,0.22999999,0.0,0.0,0.02,0.0,0.0,0.0,0.0,0.0,0.22,0.125,0.0,0.0,0.0,0.065,0.0,0.0,0.155,0.0,0.0,0.235,0.0,0.0,0.0,0.0,0.0,0.0,0.0,0.0,0.0,0.0,0.0,0.0,0.035,0.0,0.0,0.0,0.0,0.0,0.0,0.0,0.0,0.0,0.12,0.0,0.0,0.0,0.08,0.0,0.0,0.275,0.03,0.275,0.0,0.0,0.07,0.0,0.22999999,0.0,0.0,0.0,0.0,0.0,0.0,0.0,0.0,0.0,0.0,0.0,0.0,0.175,0.26999998,0.0,0.0,0.0,0.0,0.105,0.125,0.0
61,6,0.16,0.0,0.065,0.0,0.0,0.0,0.0,0.0,0.0,0.0,0.0,0.0,0.225,0.26,0.0,0.085,0.0,0.0,0.0,0.0,0.0,0.235,0.0,0.0,0.02,0.0,0.0,0.0,0.0,0.0,0.22,0.13,0.0,0.0,0.0,0.065,0.0,0.0,0.14999999,0.0,0.0,0.235,0.0,0.0,0.0,0.0,0.0,0.0,0.0,0.0,0.0,0.0,0.0,0.0,0.04,0.0,0.0,0.0,0.0,0.0,0.0,0.0,0.0,0.0,0.125,0.0,0.0,0.0,0.085,0.0,0.0,0.28,0.024999999,0.275,0.0,0.0,0.074999996,0.0,0.22999999,0.0,0.0,0.0,0.0,0.0,0.0,0.0,0.0,0.0,0.0,0.0,0.0,0.17,0.26999998,0.0,0.0,0.0,0.0,0.11,0.125,0.0
62,2,0.155,0.0,0.065,0.0,0.0,0.0,0.0,0.0,0.0,0.0,0.0,0.0,0.22,0.265,0.0,0.089999996,0.0,0.0,0.0,0.0,0.0,0.24,0.0,0.0,0.02,0.0,0.0,0.0,0.0,0.0,0.22,0.13,0.0,0.0,0.0,0.065,0.0,0.0,0.155,0.0,0.0,0.235,0.0,0.0,0.0,0.0,0.0,0.0,0.0,0.0,0.0,0.0,0.0,0.005,0.04,0.0,0.0,0.0,0.0,0.0,0.0,0.0,0.0,0.0,0.125,0.0,0.0,0.0,0.08,0.0,0.0,0.28,0.024999999,0.275,0.0,0.0,0.074999996,0.0,0.235,0.0,0.0,0.0,0.0,0.0,0.0,0.0,0.0,0.0,0.0,0.0,0.0,0.17,0.28,0.0,0.0,0.0,0.0,0.11,0.125,0.0
63,0,0.16,0.0,0.065,0.0,0.0,0.0,0.0,0.0,0.0,0.0,0.0,0.0,0.22999999,0.26,0.0,0.085,0.0,0.0,0.0,0.0,0.0,0.235,0.0,0.0,0.02,0.0,0.0,0.0,0.0,0.0,0.225,0.13,0.0,0.0,0.0,0.065,0.0,0.0,0.155,0.0,0.0,0.235,0.0,0.0,0.0,0.0,0.0,0.0,0.0,0.0,0.0,0.0,0.0,0.0,0.04,0.0,0.0,0.0,0.0,0.0,0.0,0.0,0.0,0.0,0.125,0.0,0.0,0.0,0.08,0.0,0.0,0.275,0.03,0.275,0.0,0.0,0.07,0.0,0.22999999,0.0,0.0,0.0,0.0,0.0,0.0,0.0,0.0,0.0,0.0,0.0,0.0,0.175,0.275,0.0,0.0,0.0,0.0,0.11,0.125,0.0
64,4,0.14999999,0.0,0.065,0.0,0.0,0.0,0.0,0.0,0.0,0.0,0.0,0.0,0.225,0.26,0.0,0.089999996,0.0,0.0,0.0,0.0,0.0,0.22999999,0.0,0.0,0.02,0.0,0.0,0.0,0.0,0.0,0.22,0.13,0.0,0.0,0.0,0.065,0.0,0.0,0.155,0.0,0.0,0.22999999,0.0,0.0,0.0,0.0,0.0,0.0,0.0,0.0,0.0,0.0,0.0,0.0,0.04,0.0,0.0,0.0,0.0,0.0,0.0,0.0,0.0,0.0,0.125,0.0,0.0,0.0,0.08,0.0,0.0,0.28,0.03,0.28,0.0,0.0,0.074999996,0.0,0.22999999,0.0,0.0,0.0,0.0,0.0,0.0,0.0,0.0,0.0,0.0,0.0,0.0,0.17999999,0.275,0.0,0.0,0.0,0.0,0.11,0.13,0.0
65,9,0.155,0.0,0.065,0.0,0.0,0.0,0.0,0.0,0.0,0.0,0.0,0.0,0.22999999,0.26,0.0,0.089999996,0.0,0.0,0.0,0.0,0.0,0.235,0.0,0.0,0.015,0.0,0.0,0.0,0.0,0.0,0.22,0.13499999,0.0,0.0,0.0,0.07,0.0,0.0,0.14999999,0.0,0.0,0.235,0.0,0.0,0.0,0.0,0.0,0.0,0.0,0.0,0.0,0.0,0.0,0.0,0.035,0.0,0.0,0.0,0.0,0.0,0.0,0.0,0.0,0.0,0.12,0.0,0.0,0.0,0.08,0.0,0.0,0.275,0.03,0.26999998,0.0,0.0,0.07,0.0,0.225,0.0,0.0,0.0,0.0,0.0,0.0,0.0,0.0,0.0,0.0,0.0,0.0,0.175,0.275,0.0,0.0,0.0,0.0,0.105,0.13,0.0
66,2,0.16,0.0,0.065,0.0,0.0,0.0,0.0,0.0,0.0,0.0,0.0,0.0,0.225,0.265,0.0,0.085,0.0,0.0,0.0,0.0,0.0,0.22999999,0.0,0.0,0.02,0.0,0.0,0.0,0.0,0.0,0.22,0.13,0.0,0.0,0.0,0.065,0.0,0.0,0.155,0.0,0.0,0.24,0.0,0.0,0.0,0.0,0.0,0.0,0.0,0.0,0.0,0.0,0.0,0.005,0.04,0.0,0.0,0.0,0.0,0.0,0.0,0.0,0.0,0.0,0.125,0.0,0.0,0.0,0.074999996,0.0,0.0,0.28,0.03,0.275,0.0,0.0,0.07,0.0,0.235,0.0,0.0,0.0,0.0,0.0,0.0,0.0,0.0,0.0,0.0,0.0,0.0,0.175,0.275,0.0,0.0,0.0,0.0,0.105,0.125,0.0
67,2,0.16,0.0,0.065,0.0,0.0,0.0,0.0,0.0,0.0,0.0,0.0,0.0,0.22999999,0.265,0.0,0.08,0.0,0.0,0.0,0.0,0.0,0.235,0.0,0.0,0.02,0.0,0.0,0.0,0.0,0.0,0.22,0.13,0.0,0.0,0.0,0.065,0.0,0.0,0.14999999,0.0,0.0,0.235,0.0,0.0,0.0,0.0,0.0,0.0,0.0,0.0,0.0,0.0,0.0,0.005,0.04,0.0,0.0,0.0,0.0,0.0,0.0,0.0,0.0,0.0,0.114999995,0.0,0.0,0.0,0.074999996,0.0,0.0,0.275,0.03,0.275,0.0,0.0,0.074999996,0.0,0.22999999,0.0,0.0,0.0,0.0,0.0,0.0,0.0,0.0,0.0,0.0,0.0,0.0,0.175,0.26999998,0.0,0.0,0.0,0.0,0.105,0.125,0.0
68,3,0.16,0.0,0.065,0.0,0.0,0.0,0.0,0.0,0.0,0.0,0.0,0.0,0.225,0.26,0.0,0.085,0.0,0.0,0.0,0.0,0.0,0.24,0.0,0.0,0.02,0.0,0.0,0.0,0.0,0.0,0.21499999,0.13,0.0,0.0,0.0,0.07,0.0,0.0,0.155,0.0,0.0,0.22999999,0.0,0.0,0.0,0.0,0.0,0.0,0.0,0.0,0.0,0.0,0.0,0.0,0.035,0.0,0.0,0.0,0.0,0.0,0.0,0.0,0.0,0.0,0.12,0.0,0.0,0.0,0.074999996,0.0,0.0,0.28,0.03,0.275,0.0,0.0,0.07,0.0,0.22999999,0.0,0.0,0.0,0.0,0.0,0.0,0.0,0.0,0.0,0.0,0.0,0.0,0.17,0.275,0.0,0.0,0.0,0.0,0.11,0.125,0.0
69,2,0.16499999,0.0,0.065,0.0,0.0,0.0,0.0,0.0,0.0,0.0,0.0,0.0,0.22999999,0.26,0.0,0.089999996,0.0,0.0,0.0,0.0,0.0,0.235,0.0,0.0,0.02,0.0,0.0,0.0,0.0,0.0,0.22,0.125,0.0,0.0,0.0,0.065,0.0,0.0,0.16,0.0,0.0,0.235,0.0,0.0,0.0,0.0,0.0,0.0,0.0,0.0,0.0,0.0,0.0,0.0,0.04,0.0,0.0,0.0,0.0,0.0,0.0,0.0,0.0,0.0,0.12,0.0,0.0,0.0,0.08,0.0,0.0,0.275,0.03,0.275,0.0,0.0,0.07,0.0,0.22999999,0.0,0.0,0.0,0.0,0.0,0.0,0.0,0.0,0.0,0.0,0.0,0.0,0.175,0.26999998,0.0,0.0,0.0,0.0,0.11,0.125,0.0
70,7,0.16,0.0,0.065,0.0,0.0,0.0,0.0,0.0,0.0,0.0,0.0,0.0,0.235,0.26,0.0,0.089999996,0.0,0.0,0.0,0.0,0.0,0.235,0.0,0.0,0.02,0.0,0.0,0.0,0.0,0.0,0.22,0.13,0.0,0.0,0.0,0.06,0.0,0.0,0.14999999,0.0,0.0,0.24,0.0,0.0,0.0,0.0,0.0,0.0,0.0,0.0,0.0,0.0,0.0,0.0,0.04,0.0,0.0,0.0,0.0,0.0,0.0,0.0,0.0,0.0,0.12,0.0,0.0,0.0,0.08,0.0,0.0,0.26999998,0.03,0.275,0.0,0.0,0.07,0.0,0.225,0.0,0.0,0.0,0.0,0.0,0.0,0.0,0.0,0.0,0.0,0.0,0.0,0.175,0.28,0.0,0.0,0.0,0.0,0.11,0.125,0.0
71,1,0.155,0.0,0.065,0.0,0.0,0.0,0.0,0.0,0.0,0.0,0.0,0.0,0.225,0.26,0.0,0.085,0.0,0.0,0.0,0.0,0.0,0.235,0.0,0.0,0.024999999,0.0,0.0,0.0,0.0,0.0,0.22,0.12,0.0,0.0,0.0,0.065,0.0,0.0,0.155,0.0,0.0,0.235,0.0,0.0,0.0,0.0,0.0,0.0,0.0,0.0,0.0,0.0,0.0,0.01,0.04,0.0,0.0,0.0,0.0,0.0,0.0,0.0,0.0,0.0,0.125,0.0,0.0,0.0,0.08,0.0,0.0,0.275,0.024999999,0.26999998,0.0,0.0,0.074999996,0.0,0.22999999,0.0,0.0,0.0,0.0,0.0,0.0,0.0,0.0,0.0,0.0,0.0,0.0,0.175,0.28,0.0,0.0,0.0,0.0,0.11,0.12,0.0
72,5,0.14999999,0.0,0.065,0.0,0.0,0.0,0.0,0.0,0.0,0.0,0.0,0.0,0.22999999,0.26999998,0.0,0.085,0.0,0.0,0.0,0.0,0.0,0.235,0.0,0.0,0.02,0.0,0.0,0.0,0.0,0.0,0.22,0.13,0.0,0.0,0.0,0.065,0.0,0.0,0.14999999,0.0,0.0,0.24499999,0.0,0.0,0.0,0.0,0.0,0.0,0.0,0.0,0.0,0.0,0.0,0.005,0.04,0.0,0.0,0.0,0.0,0.0,0.0,0.0,0.0,0.0,0.12,0.0,0.0,0.0,0.085,0.0,0.0,0.28,0.03,0.275,0.0,0.0,0.074999996,0.0,0.225,0.0,0.0,0.0,0.0,0.0,0.0,0.0,0.0,0.0,0.0,0.0,0.0,0.16499999,0.275,0.0,0.0,0.0,0.0,0.105,0.13,0.0
73,1,0.155,0.0,0.07,0.0,0.0,0.0,0.0,0.0,0.0,0.0,0.0,0.0,0.22999999,0.26,0.0,0.085,0.0,0.0,0.0,0.0,0.0,0.24,0.0,0.0,0.02,0.0,0.0,0.0,0.0,0.0,0.22,0.13,0.0,0.0,0.0,0.065,0.0,0.0,0.155,0.0,0.0,0.235,0.0,0.0,0.0,0.0,0.0,0.0,0.0,0.0,0.0,0.0,0.0,0.005,0.035,0.0,0.0,0.0,0.0,0.0,0.0,0.0,0.0,0.0,0.12,0.0,0.0,0.0,0.074999996,0.0,0.0,0.275,0.03,0.26999998,0.0,0.0,0.07,0.0,0.235,0.0,0.0,0.0,0.0,0.0,0.0,0.0,0.0,0.0,0.0,0.0,0.0,0.17,0.265,0.0,0.0,0.0,0.0,0.11,0.125,0.0
74,4,0.16499999,0.0,0.065,0.0,0.0,0.0,0.0,0.0,0.0,0.0,0.0,0.0,0.235,0.26,0.0,0.085,0.0,0.0,0.0,0.0,0.0,0.24,0.0,0.0,0.02,0.0,0.0,0.0,0.0,0.0,0.22,0.12,0.0,0.0,0.0,0.065,0.0,0.0,0.155,0.0,0.0,0.22999999,0.0,0.0,0.0,0.0,0.0,0.0,0.0,0.0,0.0,0.0,0.0,0.0,0.04,0.0,0.0,0.0,0.0,0.0,0.0,0.0,0.0,0.0,0.12,0.0,0.0,0.0,0.074999996,0.0,0.0,0.28,0.03,0.26999998,0.0,0.0,0.074999996,0.0,0.22999999,0.0,0.0,0.0,0.0,0.0,0.0,0.0,0.0,0.0,0.0,0.0,0.0,0.175,0.265,0.0,0.0,0.0,0.0,0.11,0.12,0.0
75,7,0.155,0.0,0.065,0.0,0.0,0.0,0.0,0.0,0.0,0.0,0.0,0.0,0.22999999,0.26,0.0,0.089999996,0.0,0.0,0.0,0.0,0.0,0.235,0.0,0.0,0.02,0.0,0.0,0.0,0.0,0.0,0.225,0.13,0.0,0.0,0.0,0.06,0.0,0.0,0.155,0.0,0.0,0.235,0.0,0.0,0.0,0.0,0.0,0.0,0.0,0.0,0.0,0.0,0.0,0.005,0.04,0.0,0.0,0.0,0.0,0.0,0.0,0.0,0.0,0.0,0.125,0.0,0.0,0.0,0.08,0.0,0.0,0.28,0.03,0.28,0.0,0.0,0.074999996,0.0,0.235,0.0,0.0,0.0,0.0,0.0,0.0,0.0,0.0,0.0,0.0,0.0,0.0,0.17,0.275,0.0,0.0,0.0,0.0,0.105,0.125,0.0
76,2,0.16,0.0,0.065,0.0,0.0,0.0,0.0,0.0,0.0,0.0,0.0,0.0,0.225,0.265,0.0,0.085,0.0,0.0,0.0,0.0,0.0,0.22999999,0.0,0.0,0.02,0.0,0.0,0.0,0.0,0.0,0.22,0.13,0.0,0.0,0.0,0.06,0.0,0.0,0.14999999,0.0,0.0,0.235,0.0,0.0,0.0,0.0,0.0,0.0,0.0,0.0,0.0,0.0,0.0,0.01,0.035,0.0,0.0,0.0,0.0,0.0,0.0,0.0,0.0,0.0,0.12,0.0,0.0,0.0,0.08,0.0,0.0,0.275,0.03,0.28,0.0,0.0,0.07,0.0,0.22999999,0.0,0.0,0.0,0.0,0.0,0.0,0.0,0.0,0.0,0.0,0.0,0.0,0.175,0.275,0.0,0.0,0.0,0.0,0.11,0.125,0.0
77,6,0.16,0.0,0.065,0.0,0.0,0.0,0.0,0.0,0.0,0.0,0.0,0.0,0.225,0.26,0.0,0.085,0.0,0.0,0.0,0.0,0.0,0.235,0.0,0.0,0.02,0.0,0.0,0.0,0.0,0.0,0.22,0.13,0.0,0.0,0.0,0.065,0.0,0.0,0.155,0.0,0.0,0.235,0.0,0.0,0.0,0.0,0.0,0.0,0.0,0.0,0.0,0.0,0.0,0.0,0.035,0.0,0.0,0.0,0.0,0.0,0.0,0.0,0.0,0.0,0.125,0.0,0.0,0.0,0.08,0.0,0.0,0.28,0.03,0.26999998,0.0,0.0,0.074999996,0.0,0.225,0.0,0.0,0.0,0.0,0.0,0.0,0.0,0.0,0.0,0.0,0.0,0.0,0.17,0.275,0.0,0.0,0.0,0.0,0.11,0.125,0.0
78,0,0.155,0.0,0.07,0.0,0.0,0.0,0.0,0.0,0.0,0.0,0.0,0.0,0.225,0.265,0.0,0.089999996,0.0,0.0,0.0,0.0,0.0,0.235,0.0,0.0,0.02,0.0,0.0,0.0,0.0,0.0,0.22,0.13499999,0.0,0.0,0.0,0.07,0.0,0.0,0.155,0.0,0.0,0.22999999,0.0,0.0,0.0,0.0,0.0,0.0,0.0,0.0,0.0,0.0,0.0,0.005,0.04,0.0,0.0,0.0,0.0,0.0,0.0,0.0,0.0,0.0,0.125,0.0,0.0,0.0,0.08,0.0,0.0,0.285,0.03,0.275,0.0,0.0,0.074999996,0.0,0.235,0.0,0.0,0.0,0.0,0.0,0.0,0.0,0.0,0.0,0.0,0.0,0.0,0.17999999,0.275,0.0,0.0,0.0,0.0,0.11,0.125,0.0
79,9,0.155,0.0,0.06,0.0,0.0,0.0,0.0,0.0,0.0,0.0,0.0,0.0,0.22999999,0.265,0.0,0.089999996,0.0,0.0,0.0,0.0,0.0,0.22999999,0.0,0.0,0.015,0.0,0.0,0.0,0.0,0.0,0.22,0.13,0.0,0.0,0.0,0.065,0.0,0.0,0.155,0.0,0.0,0.22999999,0.0,0.0,0.0,0.0,0.0,0.0,0.0,0.0,0.0,0.0,0.0,0.0,0.035,0.0,0.0,0.0,0.0,0.0,0.0,0.0,0.0,0.0,0.13,0.0,0.0,0.0,0.08,0.0,0.0,0.275,0.03,0.26999998,0.0,0.0,0.07,0.0,0.22999999,0.0,0.0,0.0,0.0,0.0,0.0,0.0,0.0,0.0,0.0,0.0,0.0,0.17,0.275,0.0,0.0,0.0,0.0,0.105,0.13,0.0
80,3,0.16,0.0,0.06,0.0,0.0,0.0,0.0,0.0,0.0,0.0,0.0,0.0,0.225,0.265,0.0,0.08,0.0,0.0,0.0,0.0,0.0,0.235,0.0,0.0,0.02,0.0,0.0,0.0,0.0,0.0,0.22,0.125,0.0,0.0,0.0,0.065,0.0,0.0,0.14999999,0.0,0.0,0.235,0.0,0.0,0.0,0.0,0.0,0.0,0.0,0.0,0.0,0.0,0.0,0.0,0.035,0.0,0.0,0.0,0.0,0.0,0.0,0.0,0.0,0.0,0.125,0.0,0.0,0.0,0.08,0.0,0.0,0.275,0.024999999,0.26999998,0.0,0.0,0.07,0.0,0.225,0.0,0.0,0.0,0.0,0.0,0.0,0.0,0.0,0.0,0.0,0.0,0.0,0.17,0.275,0.0,0.0,0.0,0.0,0.114999995,0.12,0.0
81,9,0.16,0.0,0.06,0.0,0.0,0.0,0.0,0.0,0.0,0.0,0.0,0.0,0.22999999,0.26,0.0,0.085,0.0,0.0,0.0,0.0,0.0,0.235,0.0,0.0,0.015,0.0,0.0,0.0,0.0,0.0,0.21499999,0.125,0.0,0.0,0.0,0.065,0.0,0.0,0.14999999,0.0,0.0,0.235,0.0,0.0,0.0,0.0,0.0,0.0,0.0,0.0,0.0,0.0,0.0,0.005,0.035,0.0,0.0,0.0,0.0,0.0,0.0,0.0,0.0,0.0,0.125,0.0,0.0,0.0,0.08,0.0,0.0,0.275,0.03,0.265,0.0,0.0,0.07,0.0,0.225,0.0,0.0,0.0,0.0,0.0,0.0,0.0,0.0,0.0,0.0,0.0,0.0,0.17,0.26999998,0.0,0.0,0.0,0.0,0.105,0.125,0.0
82,1,0.155,0.0,0.065,0.0,0.0,0.0,0.0,0.0,0.0,0.0,0.0,0.0,0.22,0.265,0.0,0.085,0.0,0.0,0.0,0.0,0.0,0.22999999,0.0,0.0,0.024999999,0.0,0.0,0.0,0.0,0.0,0.22,0.13,0.0,0.0,0.0,0.065,0.0,0.0,0.155,0.0,0.0,0.235,0.0,0.0,0.0,0.0,0.0,0.0,0.0,0.0,0.0,0.0,0.0,0.005,0.035,0.0,0.0,0.0,0.0,0.0,0.0,0.0,0.0,0.0,0.114999995,0.0,0.0,0.0,0.085,0.0,0.0,0.275,0.024999999,0.275,0.0,0.0,0.07,0.0,0.22999999,0.0,0.0,0.0,0.0,0.0,0.0,0.0,0.0,0.0,0.0,0.0,0.0,0.17,0.26999998,0.0,0.0,0.0,0.0,0.105,0.125,0.0
83,6,0.155,0.0,0.065,0.0,0.0,0.0,0.0,0.0,0.0,0.0,0.0,0.0,0.225,0.26,0.0,0.085,0.0,0.0,0.0,0.0,0.0,0.24,0.0,0.0,0.015,0.0,0.0,0.0,0.0,0.0,0.225,0.13,0.0,0.0,0.0,0.065,0.0,0.0,0.155,0.0,0.0,0.24,0.0,0.0,0.0,0.0,0.0,0.0,0.0,0.0,0.0,0.0,0.0,0.0,0.04,0.0,0.0,0.0,0.0,0.0,0.0,0.0,0.0,0.0,0.125,0.0,0.0,0.0,0.08,0.0,0.0,0.275,0.03,0.275,0.0,0.0,0.074999996,0.0,0.22999999,0.0,0.0,0.0,0.0,0.0,0.0,0.0,0.0,0.0,0.0,0.0,0.0,0.175,0.275,0.0,0.0,0.0,0.0,0.114999995,0.13,0.0
84,3,0.16499999,0.0,0.07,0.0,0.0,0.0,0.0,0.0,0.0,0.0,0.0,0.0,0.22999999,0.265,0.0,0.085,0.0,0.0,0.0,0.0,0.0,0.24,0.0,0.0,0.02,0.0,0.0,0.0,0.0,0.0,0.22,0.125,0.0,0.0,0.0,0.065,0.0,0.0,0.155,0.0,0.0,0.24,0.0,0.0,0.0,0.0,0.0,0.0,0.0,0.0,0.0,0.0,0.0,0.0,0.035,0.0,0.0,0.0,0.0,0.0,0.0,0.0,0.0,0.0,0.125,0.0,0.0,0.0,0.08,0.0,0.0,0.285,0.03,0.275,0.0,0.0,0.07,0.0,0.22999999,0.0,0.0,0.0,0.0,0.0,0.0,0.0,0.0,0.0,0.0,0.0,0.0,0.17,0.28,0.0,0.0,0.0,0.0,0.114999995,0.13,0.0
85,1,0.14999999,0.0,0.07,0.0,0.0,0.0,0.0,0.0,0.0,0.0,0.0,0.0,0.22999999,0.26,0.0,0.085,0.0,0.0,0.0,0.0,0.0,0.22999999,0.0,0.0,0.02,0.0,0.0,0.0,0.0,0.0,0.21499999,0.13,0.0,0.0,0.0,0.065,0.0,0.0,0.155,0.0,0.0,0.235,0.0,0.0,0.0,0.0,0.0,0.0,0.0,0.0,0.0,0.0,0.0,0.005,0.04,0.0,0.0,0.0,0.0,0.0,0.0,0.0,0.0,0.0,0.125,0.0,0.0,0.0,0.08,0.0,0.0,0.275,0.03,0.26999998,0.0,0.0,0.074999996,0.0,0.22999999,0.0,0.0,0.0,0.0,0.0,0.0,0.0,0.0,0.0,0.0,0.0,0.0,0.17,0.275,0.0,0.0,0.0,0.0,0.11,0.125,0.0
86,9,0.155,0.0,0.065,0.0,0.0,0.0,0.0,0.0,0.0,0.0,0.0,0.0,0.225,0.265,0.0,0.089999996,0.0,0.0,0.0,0.0,0.0,0.235,0.0,0.0,0.02,0.0,0.0,0.0,0.0,0.0,0.22,0.13,0.0,0.0,0.0,0.065,0.0,0.0,0.14999999,0.0,0.0,0.225,0.0,0.0,0.0,0.0,0.0,0.0,0.0,0.0,0.0,0.0,0.0,0.005,0.035,0.0,0.0,0.0,0.0,0.0,0.0,0.0,0.0,0.0,0.12,0.0,0.0,0.0,0.08,0.0,0.0,0.28,0.03,0.26999998,0.0,0.0,0.07,0.0,0.22999999,0.0,0.0,0.0,0.0,0.0,0.0,0.0,0.0,0.0,0.0,0.0,0.0,0.17,0.26999998,0.0,0.0,0.0,0.0,0.105,0.13,0.0
87,3,0.155,0.0,0.065,0.0,0.0,0.0,0.0,0.0,0.0,0.0,0.0,0.0,0.225,0.265,0.0,0.085,0.0,0.0,0.0,0.0,0.0,0.235,0.0,0.0,0.024999999,0.0,0.0,0.0,0.0,0.0,0.22,0.13,0.0,0.0,0.0,0.065,0.0,0.0,0.14999999,0.0,0.0,0.235,0.0,0.0,0.0,0.0,0.0,0.0,0.0,0.0,0.0,0.0,0.0,0.0,0.035,0.0,0.0,0.0,0.0,0.0,0.0,0.0,0.0,0.0,0.12,0.0,0.0,0.0,0.08,0.0,0.0,0.285,0.03,0.275,0.0,0.0,0.07,0.0,0.235,0.0,0.0,0.0,0.0,0.0,0.0,0.0,0.0,0.0,0.0,0.0,0.0,0.175,0.28,0.0,0.0,0.0,0.0,0.11,0.125,0.0
88,1,0.155,0.0,0.065,0.0,0.0,0.0,0.0,0.0,0.0,0.0,0.0,0.0,0.225,0.265,0.0,0.085,0.0,0.0,0.0,0.0,0.0,0.235,0.0,0.0,0.02,0.0,0.0,0.0,0.0,0.0,0.22,0.125,0.0,0.0,0.0,0.065,0.0,0.0,0.155,0.0,0.0,0.22999999,0.0,0.0,0.0,0.0,0.0,0.0,0.0,0.0,0.0,0.0,0.0,0.005,0.035,0.0,0.0,0.0,0.0,0.0,0.0,0.0,0.0,0.0,0.114999995,0.0,0.0,0.0,0.08,0.0,0.0,0.275,0.024999999,0.26999998,0.0,0.0,0.07,0.0,0.22999999,0.0,0.0,0.0,0.0,0.0,0.0,0.0,0.0,0.0,0.0,0.0,0.0,0.17,0.26999998,0.0,0.0,0.0,0.0,0.11,0.12,0.0
89,6,0.155,0.0,0.07,0.0,0.0,0.0,0.0,0.0,0.0,0.0,0.0,0.0,0.225,0.26,0.0,0.085,0.0,0.0,0.0,0.0,0.0,0.235,0.0,0.0,0.02,0.0,0.0,0.0,0.0,0.0,0.22,0.125,0.0,0.0,0.0,0.065,0.0,0.0,0.155,0.0,0.0,0.22999999,0.0,0.0,0.0,0.0,0.0,0.0,0.0,0.0,0.0,0.0,0.0,0.0,0.04,0.0,0.0,0.0,0.0,0.0,0.0,0.0,0.0,0.0,0.125,0.0,0.0,0.0,0.08,0.0,0.0,0.265,0.024999999,0.28,0.0,0.0,0.07,0.0,0.235,0.0,0.0,0.0,0.0,0.0,0.0,0.0,0.0,0.0,0.0,0.0,0.0,0.17,0.26999998,0.0,0.0,0.0,0.0,0.114999995,0.125,0.0
90,4,0.16,0.0,0.065,0.0,0.0,0.0,0.0,0.0,0.0,0.0,0.0,0.0,0.235,0.26999998,0.0,0.089999996,0.0,0.0,0.0,0.0,0.0,0.235,0.0,0.0,0.02,0.0,0.0,0.0,0.0,0.0,0.22,0.13499999,0.0,0.0,0.0,0.065,0.0,0.0,0.14999999,0.0,0.0,0.235,0.0,0.0,0.0,0.0,0.0,0.0,0.0,0.0,0.0,0.0,0.0,0.0,0.04,0.0,0.0,0.0,0.0,0.0,0.0,0.0,0.0,0.0,0.125,0.0,0.0,0.0,0.08,0.0,0.0,0.26999998,0.03,0.26999998,0.0,0.0,0.07,0.0,0.22999999,0.0,0.0,0.0,0.0,0.0,0.0,0.0,0.0,0.0,0.0,0.0,0.0,0.17,0.275,0.0,0.0,0.0,0.0,0.11,0.13,0.0
91,8,0.14999999,0.0,0.07,0.0,0.0,0.0,0.0,0.0,0.0,0.0,0.0,0.0,0.22999999,0.26999998,0.0,0.085,0.0,0.0,0.0,0.0,0.0,0.235,0.0,0.0,0.02,0.0,0.0,0.0,0.0,0.0,0.22,0.125,0.0,0.0,0.0,0.065,0.0,0.0,0.155,0.0,0.0,0.22999999,0.0,0.0,0.0,0.0,0.0,0.0,0.0,0.0,0.0,0.0,0.0,0.0,0.04,0.0,0.0,0.0,0.0,0.0,0.0,0.0,0.0,0.0,0.125,0.0,0.0,0.0,0.085,0.0,0.0,0.275,0.03,0.26999998,0.0,0.0,0.074999996,0.0,0.225,0.0,0.0,0.0,0.0,0.0,0.0,0.0,0.0,0.0,0.0,0.0,0.0,0.175,0.285,0.0,0.0,0.0,0.0,0.11,0.12,0.0
92,7,0.16,0.0,0.065,0.0,0.0,0.0,0.0,0.0,0.0,0.0,0.0,0.0,0.22999999,0.265,0.0,0.08,0.0,0.0,0.0,0.0,0.0,0.22999999,0.0,0.0,0.02,0.0,0.0,0.0,0.0,0.0,0.22,0.13,0.0,0.0,0.0,0.065,0.0,0.0,0.14999999,0.0,0.0,0.22999999,0.0,0.0,0.0,0.0,0.0,0.0,0.0,0.0,0.0,0.0,0.0,0.0,0.03,0.0,0.0,0.0,0.0,0.0,0.0,0.0,0.0,0.0,0.114999995,0.0,0.0,0.0,0.08,0.0,0.0,0.26999998,0.024999999,0.265,0.0,0.0,0.07,0.0,0.22999999,0.0,0.0,0.0,0.0,0.0,0.0,0.0,0.0,0.0,0.0,0.0,0.0,0.17,0.265,0.0,0.0,0.0,0.0,0.105,0.125,0.0
93,9,0.155,0.0,0.065,0.0,0.0,0.0,0.0,0.0,0.0,0.0,0.0,0.0,0.22999999,0.255,0.0,0.085,0.0,0.0,0.0,0.0,0.0,0.24,0.0,0.0,0.02,0.0,0.0,0.0,0.0,0.0,0.21499999,0.13,0.0,0.0,0.0,0.065,0.0,0.0,0.14999999,0.0,0.0,0.225,0.0,0.0,0.0,0.0,0.0,0.0,0.0,0.0,0.0,0.0,0.0,0.0,0.035,0.0,0.0,0.0,0.0,0.0,0.0,0.0,0.0,0.0,0.12,0.0,0.0,0.0,0.08,0.0,0.0,0.26999998,0.03,0.26999998,0.0,0.0,0.07,0.0,0.235,0.0,0.0,0.0,0.0,0.0,0.0,0.0,0.0,0.0,0.0,0.0,0.0,0.17,0.28,0.0,0.0,0.0,0.0,0.105,0.125,0.0
94,5,0.155,0.0,0.065,0.0,0.0,0.0,0.0,0.0,0.0,0.0,0.0,0.0,0.22999999,0.26999998,0.0,0.085,0.0,0.0,0.0,0.0,0.0,0.235,0.0,0.0,0.02,0.0,0.0,0.0,0.0,0.0,0.21499999,0.125,0.0,0.0,0.0,0.065,0.0,0.0,0.14999999,0.0,0.0,0.22999999,0.0,0.0,0.0,0.0,0.0,0.0,0.0,0.0,0.0,0.0,0.0,0.0,0.035,0.0,0.0,0.0,0.0,0.0,0.0,0.0,0.0,0.0,0.125,0.0,0.0,0.0,0.08,0.0,0.0,0.275,0.024999999,0.275,0.0,0.0,0.07,0.0,0.235,0.0,0.0,0.0,0.0,0.0,0.0,0.0,0.0,0.0,0.0,0.0,0.0,0.17,0.275,0.0,0.0,0.0,0.0,0.105,0.13,0.0
95,1,0.155,0.0,0.065,0.0,0.0,0.0,0.0,0.0,0.0,0.0,0.0,0.0,0.225,0.265,0.0,0.085,0.0,0.0,0.0,0.0,0.0,0.22999999,0.0,0.0,0.02,0.0,0.0,0.0,0.0,0.0,0.225,0.125,0.0,0.0,0.0,0.065,0.0,0.0,0.14999999,0.0,0.0,0.235,0.0,0.0,0.0,0.0,0.0,0.0,0.0,0.0,0.0,0.0,0.0,0.0,0.04,0.0,0.0,0.0,0.0,0.0,0.0,0.0,0.0,0.0,0.12,0.0,0.0,0.0,0.08,0.0,0.0,0.28,0.03,0.26999998,0.0,0.0,0.07,0.0,0.22999999,0.0,0.0,0.0,0.0,0.0,0.0,0.0,0.0,0.0,0.0,0.0,0.0,0.17,0.265,0.0,0.0,0.0,0.0,0.105,0.125,0.0
96,3,0.155,0.0,0.065,0.0,0.0,0.0,0.0,0.0,0.0,0.0,0.0,0.0,0.235,0.26,0.0,0.085,0.0,0.0,0.0,0.0,0.0,0.24,0.0,0.0,0.02,0.0,0.0,0.0,0.0,0.0,0.21499999,0.13,0.0,0.0,0.0,0.065,0.0,0.0,0.155,0.0,0.0,0.24,0.0,0.0,0.0,0.0,0.0,0.0,0.0,0.0,0.0,0.0,0.0,0.01,0.035,0.0,0.0,0.0,0.0,0.0,0.0,0.0,0.0,0.0,0.12,0.0,0.0,0.0,0.08,0.0,0.0,0.275,0.03,0.26999998,0.0,0.0,0.065,0.0,0.225,0.0,0.0,0.0,0.0,0.0,0.0,0.0,0.0,0.0,0.0,0.0,0.0,0.17,0.275,0.0,0.0,0.0,0.0,0.11,0.13,0.0
97,3,0.155,0.0,0.065,0.0,0.0,0.0,0.0,0.0,0.0,0.0,0.0,0.0,0.225,0.26,0.0,0.085,0.0,0.0,0.0,0.0,0.0,0.235,0.0,0.0,0.015,0.0,0.0,0.0,0.0,0.0,0.21499999,0.125,0.0,0.0,0.0,0.065,0.0,0.0,0.155,0.0,0.0,0.235,0.0,0.0,0.0,0.0,0.0,0.0,0.0,0.0,0.0,0.0,0.0,0.0,0.035,0.0,0.0,0.0,0.0,0.0,0.0,0.0,0.0,0.0,0.12,0.0,0.0,0.0,0.08,0.0,0.0,0.28,0.03,0.28,0.0,0.0,0.065,0.0,0.22999999,0.0,0.0,0.0,0.0,0.0,0.0,0.0,0.0,0.0,0.0,0.0,0.0,0.17,0.26999998,0.0,0.0,0.0,0.0,0.105,0.125,0.0
98,7,0.16,0.0,0.06,0.0,0.0,0.0,0.0,0.0,0.0,0.0,0.0,0.0,0.225,0.265,0.0,0.085,0.0,0.0,0.0,0.0,0.0,0.22999999,0.0,0.0,0.02,0.0,0.0,0.0,0.0,0.0,0.22,0.125,0.0,0.0,0.0,0.065,0.0,0.0,0.14999999,0.0,0.0,0.235,0.0,0.0,0.0,0.0,0.0,0.0,0.0,0.0,0.0,0.0,0.0,0.0,0.035,0.0,0.0,0.0,0.0,0.0,0.0,0.0,0.0,0.0,0.12,0.0,0.0,0.0,0.085,0.0,0.0,0.275,0.03,0.26999998,0.0,0.0,0.07,0.0,0.22999999,0.0,0.0,0.0,0.0,0.0,0.0,0.0,0.0,0.0,0.0,0.0,0.0,0.17,0.26999998,0.0,0.0,0.0,0.0,0.105,0.125,0.0
99,0,0.155,0.0,0.065,0.0,0.0,0.0,0.0,0.0,0.0,0.0,0.0,0.0,0.22999999,0.26,0.0,0.085,0.0,0.0,0.0,0.0,0.0,0.22999999,0.0,0.0,0.02,0.0,0.0,0.0,0.0,0.0,0.21499999,0.125,0.0,0.0,0.0,0.065,0.0,0.0,0.155,0.0,0.0,0.235,0.0,0.0,0.0,0.0,0.0,0.0,0.0,0.0,0.0,0.0,0.0,0.0,0.04,0.0,0.0,0.0,0.0,0.0,0.0,0.0,0.0,0.0,0.125,0.0,0.0,0.0,0.08,0.0,0.0,0.28,0.03,0.26999998,0.0,0.0,0.07,0.0,0.225,0.0,0.0,0.0,0.0,0.0,0.0,0.0,0.0,0.0,0.0,0.0,0.0,0.175,0.275,0.0,0.0,0.0,0.0,0.114999995,0.125,0.0
